193
1993302913 500 11 500 137079 5667936 25 -589436 -890475272 0 77000 1
1993302918 500 11 500 137079 5667936 25 -589472 -124111175 0 77000 1
1993302923 500 11 500 137079 5667936 25 -589507 -415772437 0 77000 1
1993302928 500 11 500 137079 5667936 25 -589542 -867285727 0 77000 1
1993302933 500 11 500 137079 5667936 25 -589578 -366820334 0 77000 1
1993302938 500 11 500 137079 5667936 25 -589613 -968073844 0 77000 1
1993302943 500 11 500 137079 5667936 25 -589649 -670344352 0 77000 1
1993302948 500 11 500 137079 5667936 25 -589685 -528745650 0 77000 1
1993302953 500 11 500 137079 5667936 25 -589721 -402942656 0 77000 1
1993302958 500 11 500 137079 5667936 25 -589757 -380508422 0 77000 1
1993302963 500 11 500 137079 5667936 25 -589793 -398641585 0 77000 1
1993302968 500 11 500 137079 5667936 25 -589829 -587705611 0 77000 1
1993302973 500 11 500 137079 5667936 25 -589865 -876264571 0 77000 1
1993302978 500 11 500 137079 5667936 25 -589902 -325821876 0 77000 1
1993302983 500 11 500 137079 5667936 25 -589938 -773278235 0 77000 1
1993302988 500 11 500 137079 5667936 25 -589975 -235303878 0 77000 1
1993302993 500 11 500 137079 5667936 25 -590011 -837451934 0 77000 1
1993302998 500 11 500 137079 5667936 25 -590048 -683598517 0 77000 1
1993303003 500 11 500 137079 5667936 25 -590085 -502916335 0 77000 1
1993303008 500 11 500 137079 5667936 25 -590122 -447289466 0 77000 1
1993303013 500 11 500 137079 5667936 25 -590159 -512202262 0 77000 1
1993303018 500 11 500 137079 5667936 25 -590196 -646074294 0 77000 1
1993303023 500 11 500 137079 5667936 25 -590233 -818334578 0 77000 1
1993303028 500 11 500 137079 5667936 25 -590271 -154748916 0 77000 1
1993303033 500 11 500 137079 5667936 25 -590308 -658057212 0 77000 1
1993303038 500 11 500 137079 5667936 25 -590346 -222744941 0 77000 1
1993303043 500 11 500 137079 5667936 25 -590383 -886218070 0 77000 1
1993303048 500 11 500 137079 5667936 25 -590421 -652983664 0 77000 1
1993303053 500 11 500 137079 5667936 25 -590459 -518027305 0 77000 1
1993303058 500 11 500 137079 5667936 25 -590497 -463556289 0 77000 1
1993303063 500 11 500 137079 5667936 25 -590535 -469606399 0 77000 1
1993303068 500 11 500 137079 5667936 25 -590573 -543078422 0 77000 1
1993303073 500 11 500 137079 5667936 25 -590611 -865295409 0 77000 1
1993303078 500 11 500 137079 5667936 25 -590650 -162525176 0 77000 1
1993303083 500 11 500 137079 5667936 25 -590688 -596596717 0 77000 1
1993303088 500 11 500 137079 5667936 25 -590727 -227108954 0 77000 1
1993303093 500 11 500 137079 5667936 25 -590765 -877763747 0 77000 1
1993303098 500 11 500 137079 5667936 25 -590804 -568205832 0 77000 1
1993303103 500 11 500 137079 5667936 25 -590843 -542721747 0 77000 1
1993303108 500 11 500 137079 5667936 25 -590882 -435688018 0 77000 1
1993303113 500 11 500 137079 5667936 25 -590921 -578937530 0 77000 1
1993303118 500 11 500 137079 5667936 25 -590960 -654841422 0 77000 1
1993303123 500 11 500 137079 5667936 25 -590999 -869610785 0 77000 1
1993303128 500 11 500 137079 5667936 25 -591039 -294748305 0 77000 1
1993303133 500 11 500 137079 5667936 25 -591078 -866295814 0 77000 1
1993303138 500 11 500 137079 5667936 25 -591118 -363178252 0 77000 1
1993303143 500 11 500 137079 5667936 25 -591157 -998060225 0 77000 1
1993303148 500 11 500 137079 5667936 25 -591197 -748854636 0 77000 1
1993303153 500 11 500 137079 5667936 25 -591237 -698690413 0 77000 1
1993303158 500 11 500 137079 5667936 25 -591277 -700059890 0 77000 1
1993303163 500 11 500 137079 5667936 25 -591317 -817247390 0 77000 1
1993303168 500 11 500 137079 5667936 25 -591358 -4634856 0 77000 1
1993303173 500 11 500 137079 5667936 25 -591398 -414287566 0 77000 1
1993303178 500 11 500 137079 5667936 25 -591438 -866190909 0 77000 1
1993303183 500 11 500 137079 5667936 25 -591479 -419535636 0 77000 1
1993303188 500 11 500 137079 5667936 25 -591519 -962203025 0 77000 1
1993303193 500 11 500 137079 5667936 25 -591560 -719531058 0 77000 1
1993303198 500 11 500 137079 5667936 25 -591601 -618191718 0 77000 1
1993303203 500 11 500 137079 5667936 25 -591642 -622937201 0 77000 1
1993303208 500 11 500 137079 5667936 25 -591683 -699669837 0 77000 1
1993303213 500 11 500 137079 5667936 25 -591724 -851741790 0 77000 1
1993303218 500 11 500 137079 5667936 25 -591766 -173967360 0 77000 1
1993303223 500 11 500 137079 5667936 25 -591807 -562863349 0 77000 1
1993303228 500 11 500 137079 5667936 25 -591849 -70137977 0 77000 1
1993303233 500 11 500 137079 5667936 25 -591890 -750656127 0 77000 1
1993303238 500 11 500 137079 5667936 25 -591932 -565255164 0 77000 1
1993303243 500 11 500 137079 5667936 25 -591974 -461250304 0 77000 1
1993303248 500 11 500 137079 5667936 25 -592016 -367128371 0 77000 1
1993303253 500 11 500 137079 5667936 25 -592058 -462697982 0 77000 1
1993303258 500 11 500 137079 5667936 25 -592100 -620848655 0 77000 1
1993303263 500 11 500 137079 5667936 25 -592142 -992963790 0 77000 1
1993303268 500 11 500 137079 5667936 25 -592185 -453386306 0 77000 1
1993303273 500 11 500 137079 5667936 25 -592228 -56895255 0 77000 1
1993303278 500 11 500 137079 5667936 25 -592270 -676383017 0 77000 1
1993303283 500 11 500 137079 5667936 25 -592313 -472421645 0 77000 1
1993303288 500 11 500 137079 5667936 25 -592356 -297636031 0 77000 1
1993303293 500 11 500 137079 5667936 25 -592399 -370178222 0 77000 1
1993303298 500 11 500 137079 5667936 25 -592442 -466454505 0 77000 1
1993303303 500 11 500 137079 5667936 25 -592485 -641782760 0 77000 1
1993303308 500 11 500 137079 5667936 25 -592528 -974713325 0 77000 1
1993303313 500 11 500 137079 5667936 25 -592572 -398190497 0 77000 1
1993303318 500 11 500 137079 5667936 25 -592616 -25924682 0 77000 1
1993303323 500 11 500 137079 5667936 25 -592659 -809341430 0 77000 1
1993303328 500 11 500 137079 5667936 25 -592703 -542911529 0 77000 1
1993303333 500 11 500 137079 5667936 25 -592747 -534950255 0 77000 1
1993303338 500 11 500 137079 5667936 25 -592791 -575269698 0 77000 1
1993303343 500 11 500 137079 5667936 25 -592835 -797446250 0 77000 1
1993303348 500 11 500 137079 5667936 25 -592880 -121586799 0 77000 1
1993303353 500 11 500 137079 5667936 25 -592924 -612442969 0 77000 1
1993303358 500 11 500 137079 5667936 25 -592969 -74724196 0 77000 1
1993303363 500 11 500 137079 5667936 25 -593013 -827681540 0 77000 1
1993303368 500 11 500 137079 5667936 25 -593058 -586796760 0 77000 1
1993303373 500 11 500 137079 5667936 25 -593103 -539639472 0 77000 1
1993303378 500 11 500 137079 5667936 25 -593148 -545812606 0 77000 1
1993303383 500 11 500 137079 5667936 25 -593193 -703350066 0 77000 1
1993303388 500 11 500 137079 5667936 25 -593238 -978010177 0 77000 1
1993303393 500 11 500 137079 5667936 25 -593284 -464511870 0 77000 1
1993303398 500 11 500 137079 5667936 25 -593330 -13890265 0 77000 1
1993303403 500 11 500 137079 5667936 25 -593375 -662831305 0 77000 1
1993303408 500 11 500 137079 5667936 25 -593421 -303430556 0 77000 1
1993303413 500 11 500 137079 5667936 25 -593467 -245724677 0 77000 1
1993303418 500 11 500 137079 5667936 25 -593513 -279830932 0 77000 1
1993303423 500 11 500 137079 5667936 25 -593559 -408327102 0 77000 1
1993303428 500 11 500 137079 5667936 25 -593605 -729730605 0 77000 1
1993303433 500 11 500 137079 5667936 25 -593652 -189539908 0 77000 1
1993303438 500 11 500 137079 5667936 25 -593698 -805718421 0 77000 1
1993303443 500 11 500 137079 5667936 25 -593745 -317627906 0 77000 1
1993303448 500 11 500 137079 5667936 25 -593792 -169267653 0 77000 1
1993303453 500 11 500 137079 5667936 25 -593839 -154317855 0 77000 1
1993303458 500 11 500 137079 5667936 25 -593886 -302000998 0 77000 1
1993303463 500 11 500 137079 5667936 25 -593933 -399187087 0 77000 1
1993303468 500 11 500 137079 5667936 25 -593980 -733803748 0 77000 1
1993303473 500 11 500 137079 5667936 25 -594028 -170331000 0 77000 1
1993303478 500 11 500 137079 5667936 25 -594075 -736863135 0 77000 1
1993303483 500 11 500 137079 5667936 25 -594123 -473063468 0 77000 1
1993303488 500 11 500 137079 5667936 25 -594171 -363743781 0 77000 1
1993303493 500 11 500 137079 5667936 25 -594219 -321192740 0 77000 1
1993303498 500 11 500 137079 5667936 25 -594267 -534510611 0 77000 1
1993303503 500 11 500 137079 5667936 25 -594315 -756049155 0 77000 1
1993303508 500 11 500 137079 5667936 25 -594364 -97187041 0 77000 1
1993303513 500 11 500 137079 5667936 25 -594412 -452242850 0 77000 1
1993303518 500 11 500 137079 5667936 25 -594461 -96522330 0 77000 1
1993303523 500 11 500 137079 5667936 25 -594509 -944930076 0 77000 1
1993303528 500 11 500 137079 5667936 25 -594558 -874068259 0 77000 1
1993303533 500 11 500 137079 5667936 25 -594607 -900123595 0 77000 1
1993303538 500 11 500 137079 5667936 25 -594657 -103094100 0 77000 1
1993303543 500 11 500 137079 5667936 25 -594706 -437067985 0 77000 1
1993303548 500 11 500 137079 5667936 25 -594755 -951558112 0 77000 1
1993303553 500 11 500 137079 5667936 25 -594805 -480487822 0 77000 1
1993303558 500 11 500 137079 5667936 25 -594855 -304850577 0 77000 1
1993303563 500 11 500 137079 5667936 25 -594905 -157173156 0 77000 1
1993303568 500 11 500 137079 5667936 25 -594955 -89156150 0 77000 1
1993303573 500 11 500 137079 5667936 25 -595005 -397208213 0 77000 1
1993303578 500 11 500 137079 5667936 25 -595055 -657752036 0 77000 1
1993303583 500 11 500 137079 5667936 25 -595106 -48052787 0 77000 1
1993303588 500 11 500 137079 5667936 25 -595156 -735248565 0 77000 1
1993303593 500 11 500 137079 5667936 25 -595207 -357527732 0 77000 1
1993303598 500 11 500 137079 5667936 25 -595258 -195799827 0 77000 1
1993303603 500 11 500 137079 5667936 25 -595309 -206667899 0 77000 1
1993303608 500 11 500 137079 5667936 25 -595360 -369421958 0 77000 1
1993303613 500 11 500 137079 5667936 25 -595411 -657572745 0 77000 1
1993303618 500 11 500 137079 5667936 25 -595463 -46728133 0 77000 1
1993303623 500 11 500 137079 5667936 25 -595514 -693275451 0 77000 1
1993303628 500 11 500 137079 5667936 25 -595566 -439400672 0 77000 1
1993303633 500 11 500 137079 5667936 25 -595618 -355347632 0 77000 1
1993303638 500 11 500 137079 5667936 25 -595670 -427860259 0 77000 1
1993303643 500 11 500 137079 5667936 25 -595722 -613813399 0 77000 1
1993303648 500 11 500 137079 5667936 25 -595774 -965954780 0 77000 1
1993303653 500 11 500 137079 5667936 25 -595827 -380081176 0 77000 1
1993303658 500 11 500 137079 5667936 25 -595879 -933991431 0 77000 1
1993303663 500 11 500 137079 5667936 25 -595932 -822716712 0 77000 1
1993303668 500 11 500 137079 5667936 25 -595985 -794213294 0 77000 1
1993303673 500 11 500 137079 5667936 25 -596038 -832160949 0 77000 1
1993303678 500 11 500 137079 5667936 25 -596092 -84777831 0 77000 1
1993303683 500 11 500 137079 5667936 25 -596145 -445809363 0 77000 1
1993303688 500 11 500 137079 5667936 25 -596199 -2686500 0 77000 1
1993303693 500 11 500 137079 5667936 25 -596252 -744392394 0 77000 1
1993303698 500 11 500 137079 5667936 25 -596306 -532724379 0 77000 1
1993303703 500 11 500 137079 5667936 25 -596360 -495552062 0 77000 1
1993303708 500 11 500 137079 5667936 25 -596414 -764469146 0 77000 1
1993303713 500 11 500 137079 5667936 25 -596468 -976408957 0 77000 1
1993303718 500 11 500 137079 5667936 25 -596523 -487079619 0 77000 1
1993303723 500 11 500 137079 5667936 25 -596578 -93104361 0 77000 1
1993303728 500 11 500 137079 5667936 25 -596632 -919322967 0 77000 1
1993303733 500 11 500 137079 5667936 25 -596687 -814100265 0 77000 1
1993303738 500 11 500 137079 5667936 25 -596742 -929783820 0 77000 1
1993303743 500 11 500 137079 5667936 25 -596798 -88111876 0 77000 1
1993303748 500 11 500 137079 5667936 25 -596853 -462160109 0 77000 1
1993303753 500 11 500 137079 5667936 25 -596909 -30360221 0 77000 1
1993303758 500 11 500 137079 5667936 25 -596964 -644518851 0 77000 1
1993303763 500 11 500 137079 5667936 25 -597020 -660820960 0 77000 1
1993303768 500 11 500 137079 5667936 25 -597076 -678480147 0 77000 1
1993303773 500 11 500 137079 5667936 25 -597132 -958426475 0 77000 1
1993303778 500 11 500 137079 5667936 25 -597189 -327524184 0 77000 1
1993303783 500 11 500 137079 5667936 25 -597245 -826740264 0 77000 1
1993303788 500 11 500 137079 5667936 25 -597302 -610816955 0 77000 1
1993303793 500 11 500 137079 5667936 25 -597359 -376756667 0 77000 1
1993303798 500 11 500 137079 5667936 25 -597416 -450731276 0 77000 1
1993303803 500 11 500 137079 5667936 25 -597473 -691933631 0 77000 1
1993303808 500 11 500 137079 5667936 25 -597530 -972226142 0 77000 1
1993303813 500 11 500 137079 5667936 25 -597588 -576204299 0 77000 1
1993303818 500 11 500 137079 5667936 25 -597646 -191326140 0 77000 1
1993303823 500 11 500 137079 5667936 25 -597704 -12319564 0 77000 1
1993303828 500 11 500 137079 5667936 25 -597762 -107594489 0 77000 1
1993303833 500 11 500 137079 5667936 25 -597820 -271268844 0 77000 1
1993303838 500 11 500 137079 5667936 25 -597878 -669693946 0 77000 1
1993303843 500 11 500 137079 5667936 25 -597937 -193407058 0 77000 1
1993303848 500 11 500 137079 5667936 25 -597996 -3998755 0 77000 1
1993303853 500 11 500 137079 5667936 25 -598054 -920817374 0 77000 1
1993303858 500 11 500 137079 5667936 25 -598114 -33793448 0 77000 1
1993303863 500 11 500 137079 5667936 25 -598173 -188985824 0 77000 1
1993303868 500 11 500 137079 5667936 25 -598232 -638054847 0 77000 1
1993303873 500 11 500 137079 5667936 25 -598292 -203142165 0 77000 1
