x,y,z,vx,vy,vz
6.383826027878831E-03,2.725647594289967E-01,1.444990253752345E-01,-3.437382718770443E-02,1.087859065804843E-03,2.261564357222589E-03
6.383826027878831E-03,2.725647594289967E-01,1.444990253752345E-01,-3.437382718770443E-02,1.087859065804843E-03,2.261564357222589E-03
6.359972559792307E-03,2.725655128782313E-01,1.445005990420914E-01,-3.432471875160108E-02,1.082006764947219E-03,2.270793185841129E-03
6.336152219101408E-03,2.725662621112272E-01,1.445021795339641E-01,-3.427838957297237E-02,1.075731036785948E-03,2.281180564794854E-03
6.312363130233424E-03,2.725670068617895E-01,1.445037675801431E-01,-3.423468312033976E-02,1.069109953312168E-03,2.292515505461956E-03
6.288603525822460E-03,2.725677469139274E-01,1.445053637741858E-01,-3.419344474709042E-02,1.062210309182931E-03,2.304617343141757E-03
6.264871744542371E-03,2.725684820945442E-01,1.445069685935821E-01,-3.415452401651313E-02,1.055089093124245E-03,2.317331799877680E-03
6.241166227601334E-03,2.725692122670975E-01,1.445085824168179E-01,-3.411777626462900E-02,1.047794815742686E-03,2.330527426834673E-03
6.217485514358215E-03,2.725699373261278E-01,1.445102055381148E-01,-3.408306359664144E-02,1.040368679577868E-03,2.344092467196367E-03
6.193828237404414E-03,2.725706571925493E-01,1.445118381801215E-01,-3.405025544945527E-02,1.032845609956329E-03,2.357932089454240E-03
6.170193117370093E-03,2.725713718096101E-01,1.445134805048111E-01,-3.401922884327236E-02,1.025255150097456E-03,2.371965983577491E-03
6.146578957638303E-03,2.725720811394306E-01,1.445151326228236E-01,-3.398986840489567E-02,1.017622236929917E-03,2.386126276011273E-03
6.122984639103369E-03,2.725727851600434E-01,1.445167946014602E-01,-3.396206622986720E-02,1.009967870552126E-03,2.400355729257306E-03
6.099409115063686E-03,2.725734838628641E-01,1.445184664715188E-01,-3.393572163902198E-02,1.002309688162968E-03,2.414606197681114E-03
6.075851406312179E-03,2.725741772505324E-01,1.445201482331330E-01,-3.391074085839993E-02,9.946624582367717E-04,2.428837296739578E-03
6.052310596463513E-03,2.725748653350698E-01,1.445218398607574E-01,-3.388703666243885E-02,9.870385014358026E-04,2.443015269263332E-03
6.028785827539110E-03,2.725755481363089E-01,1.445235413074224E-01,-3.386452798970066E-02,9.794480521271039E-04,2.457112010828948E-03
6.005276295821923E-03,2.725762256805548E-01,1.445252525083627E-01,-3.384313955455971E-02,9.718995662776191E-04,2.471104239445166E-03
5.981781247980132E-03,2.725768979994436E-01,1.445269733841131E-01,-3.382280145986348E-02,9.643999849210563E-04,2.484972784514455E-03
5.958299977456907E-03,2.725775651289708E-01,1.445287038431467E-01,-3.380344882149864E-02,9.569549587497686E-04,2.498701980470922E-03
5.934831821115269E-03,2.725782271086638E-01,1.445304437841244E-01,-3.378502140743538E-02,9.495690400081475E-04,2.512279148364400E-03
5.911376156128381E-03,2.725788839808775E-01,1.445321930978103E-01,-3.376746329417248E-02,9.422458464943839E-04,2.525694152486220E-03
5.887932397100358E-03,2.725795357901952E-01,1.445339516687033E-01,-3.375072254520159E-02,9.349882012330431E-04,2.538939022699340E-03
5.864499993404590E-03,2.725801825829197E-01,1.445357193764250E-01,-3.373475090670721E-02,9.277982523654619E-04,2.552007629832315E-03
5.841078426724928E-03,2.725808244066406E-01,1.445374960968999E-01,-3.371950352752872E-02,9.206775750424811E-04,2.564895409884525E-03
5.817667208785189E-03,2.725814613098679E-01,1.445392817033573E-01,-3.370493869627197E-02,9.136272589881628E-04,2.577599126652752E-03
5.794265879254114E-03,2.725820933417216E-01,1.445410760671817E-01,-3.369101759968689E-02,9.066479831503339E-04,2.590116669353918E-03
5.770874003811373E-03,2.725827205516691E-01,1.445428790586319E-01,-3.367770409896328E-02,8.997400796508501E-04,2.602446879095567E-03
5.747491172363386E-03,2.725833429893040E-01,1.445446905474492E-01,-3.366496452312245E-02,8.929035885643213E-04,2.614589400094366E-03
5.724116997396111E-03,2.725839607041597E-01,1.445465104033699E-01,-3.365276747962783E-02,8.861383047268248E-04,2.626544552509692E-03
5.700751112454768E-03,2.725845737455539E-01,1.445483384965552E-01,-3.364108367918888E-02,8.794438179196884E-04,2.638313223105340E-03
5.677393170739458E-03,2.725851821624581E-01,1.445501746979522E-01,-3.362988577604480E-02,8.728195471733672E-04,2.649896771940467E-03
5.654042843807939E-03,2.725857860033897E-01,1.445520188795929E-01,-3.361914821944415E-02,8.662647702826355E-04,2.661296951857095E-03
5.630699820376487E-03,2.725863853163229E-01,1.445538709148434E-01,-3.360884711920841E-02,8.597786489460533E-04,2.672515840008535E-03
5.607363805210798E-03,2.725869801486154E-01,1.445557306786075E-01,-3.359896012065644E-02,8.533602503914651E-04,2.683555778752984E-03
5.584034518099955E-03,2.725875705469503E-01,1.445575980474930E-01,-3.358946629070812E-02,8.470085658280693E-04,2.694419325249770E-03
5.560711692906071E-03,2.725881565572877E-01,1.445594728999455E-01,-3.358034601296525E-02,8.407225262445897E-04,2.705109208224712E-03
5.537395076684152E-03,2.725887382248289E-01,1.445613551163545E-01,-3.357158089105300E-02,8.345010159185340E-04,2.715628290921935E-03
5.514084428865812E-03,2.725893155939873E-01,1.445632445791351E-01,-3.356315366056808E-02,8.283428839270462E-04,2.725979539568749E-03
5.490779520502206E-03,2.725898887083677E-01,1.445651411727902E-01,-3.355504810696590E-02,8.222469539868274E-04,2.736165996254371E-03
5.467480133561064E-03,2.725904576107517E-01,1.445670447839551E-01,-3.354724899137549E-02,8.162120328059721E-04,2.746190756009082E-03
5.444186060273735E-03,2.725910223430884E-01,1.445689553014267E-01,-3.353974198101324E-02,8.102369171932363E-04,2.756056947112768E-03
5.420897102528078E-03,2.725915829464897E-01,1.445708726161813E-01,-3.353251358631507E-02,8.043204000743171E-04,2.765767714524675E-03
5.397613071303643E-03,2.725921394612295E-01,1.445727966213806E-01,-3.352555110207982E-02,7.984612755748897E-04,2.775326205743102E-03
5.374333787401338E-03,2.725926919256319E-01,1.445747272141719E-01,-3.351884262118528E-02,7.926583585763684E-04,2.784735518368940E-03
5.351059075886129E-03,2.725932403805425E-01,1.445766642884408E-01,-3.351237671232503E-02,7.869104268674976E-04,2.793998853206138E-03
5.327788773302074E-03,2.725937848626208E-01,1.445786077456926E-01,-3.350614278747603E-02,7.812163167725669E-04,2.803119259939608E-03
5.304522722083160E-03,2.725943254088371E-01,1.445805574877370E-01,-3.350013078088186E-02,7.755748635305060E-04,2.812099795029127E-03
5.281260771458818E-03,2.725948620553582E-01,1.445825134184924E-01,-3.349433118026564E-02,7.699849189234547E-04,2.820943474536133E-03
5.258002777082217E-03,2.725953948375599E-01,1.445844754439562E-01,-3.348873499091156E-02,7.644453529335407E-04,2.829653269442271E-03
5.234748600682736E-03,2.725959237900398E-01,1.445864434721722E-01,-3.348333370181219E-02,7.589550550437536E-04,2.838232101854854E-03
5.211498109740889E-03,2.725964489466318E-01,1.445884174131956E-01,-3.347811925503306E-02,7.535129352916878E-04,2.846682842000742E-03
5.188251177183902E-03,2.725969703404198E-01,1.445903971790561E-01,-3.347308401661804E-02,7.481179250430164E-04,2.855008305882587E-03
5.165007681100592E-03,2.725974880037536E-01,1.445923826837194E-01,-3.346822075025730E-02,7.427689775953806E-04,2.863211253506864E-03
5.141767504473962E-03,2.725980019682635E-01,1.445943738430481E-01,-3.346352259234390E-02,7.374650685726411E-04,2.871294387608223E-03
5.118530534930474E-03,2.725985122648766E-01,1.445963705747617E-01,-3.345898302912148E-02,7.322051961882825E-04,2.879260352788810E-03
5.095296664504567E-03,2.725990189238319E-01,1.445983727983955E-01,-3.345459587535241E-02,7.269883813728058E-04,2.887111735018516E-03
5.072065789417556E-03,2.725995219746967E-01,1.446003804352605E-01,-3.345035525439485E-02,7.218136677842731E-04,2.894851061445195E-03
5.048837809869758E-03,2.726000214463819E-01,1.446023934084021E-01,-3.344625557992462E-02,7.166801217480616E-04,2.902480800450441E-03
5.025612629844995E-03,2.726005173671578E-01,1.446044116425593E-01,-3.344229153852702E-02,7.115868320838186E-04,2.910003361947874E-03
5.002390156926651E-03,2.726010097646698E-01,1.446064350641247E-01,-3.343845807391438E-02,7.065329099073752E-04,2.917421097837090E-03
4.979170302124383E-03,2.726014986659537E-01,1.446084636011041E-01,-3.343475037185106E-02,7.015174883434342E-04,2.924736302637754E-03
4.955952979710932E-03,2.726019840974508E-01,1.446104971830769E-01,-3.343116384632651E-02,6.965397222171186E-04,2.931951214233064E-03
4.932738107068191E-03,2.726024660850230E-01,1.446125357411572E-01,-3.342769412649644E-02,6.915987876924730E-04,2.939068014732523E-03
4.909525604542065E-03,2.726029446539674E-01,1.446145792079553E-01,-3.342433704459764E-02,6.866938818939818E-04,2.946088831409440E-03
4.886315395305405E-03,2.726034198290306E-01,1.446166275175401E-01,-3.342108862460591E-02,6.818242224991735E-04,2.953015737712222E-03
4.863107405228629E-03,2.726038916344230E-01,1.446186806054017E-01,-3.341794507157037E-02,6.769890473059695E-04,2.959850754336746E-03
4.839901562757413E-03,2.726043600938326E-01,1.446207384084157E-01,-3.341490276180283E-02,6.721876138073603E-04,2.966595850320458E-03
4.816697798797084E-03,2.726048252304386E-01,1.446228008648073E-01,-3.341195823343309E-02,6.674191987233449E-04,2.973252944199376E-03
4.793496046603254E-03,2.726052870669242E-01,1.446248679141170E-01,-3.340910817784925E-02,6.626830975642565E-04,2.979823905149604E-03
4.770296241678292E-03,2.726057456254901E-01,1.446269394971663E-01,-3.340634943143236E-02,6.579786241581362E-04,2.986310554174576E-03
4.747098321673321E-03,2.726062009278663E-01,1.446290155560249E-01,-3.340367896795001E-02,6.533051101971887E-04,2.992714665278854E-03
4.723902226295316E-03,2.726066529953253E-01,1.446310960339785E-01,-3.340109389137016E-02,6.486619047784432E-04,2.999037966649675E-03
4.700707897219096E-03,2.726071018486931E-01,1.446331808754973E-01,-3.339859142907968E-02,6.440483739422686E-04,3.005282141839520E-03
4.677515278003801E-03,2.726075475083614E-01,1.446352700262055E-01,-3.339616892558844E-02,6.394639002262974E-04,3.011448830928915E-03
4.654324314013693E-03,2.726079899942986E-01,1.446373634328514E-01,-3.339382383651725E-02,6.349078822105080E-04,3.017539631692360E-03
4.631134952342921E-03,2.726084293260611E-01,1.446394610432785E-01,-3.339155372306957E-02,6.303797340887135E-04,3.023556100728708E-03
4.607947141744102E-03,2.726088655228035E-01,1.446415628063974E-01,-3.338935624665128E-02,6.258788852185442E-04,3.029499754604767E-03
4.584760832560436E-03,2.726092986032896E-01,1.446436686721580E-01,-3.338722916400335E-02,6.214047797122292E-04,3.035372070945220E-03
4.561575976661173E-03,2.726097285859019E-01,1.446457785915233E-01,-3.338517032244999E-02,6.169568760077908E-04,3.041174489531538E-03
4.538392527380251E-03,2.726101554886517E-01,1.446478925164434E-01,-3.338317765552089E-02,6.125346464665985E-04,3.046908413360517E-03
4.515210439457882E-03,2.726105793291889E-01,1.446500103998299E-01,-3.338124917878990E-02,6.081375769743429E-04,3.052575209686024E-03
4.492029668984979E-03,2.726110001248107E-01,1.446521321955320E-01,-3.337938298591833E-02,6.037651665460287E-04,3.058176211042818E-03
4.468850173350196E-03,2.726114178924708E-01,1.446542578583123E-01,-3.337757724500811E-02,5.994169269567896E-04,3.063712716229055E-03
4.445671911189502E-03,2.726118326487884E-01,1.446563873438241E-01,-3.337583019502237E-02,5.950923823571182E-04,3.069185991290857E-03
4.422494842338093E-03,2.726122444100564E-01,1.446585206085887E-01,-3.337414014256140E-02,5.907910689280026E-04,3.074597270450406E-03
4.399318927784556E-03,2.726126531922495E-01,1.446606576099735E-01,-3.337250545865542E-02,5.865125345148718E-04,3.079947757041619E-03
4.376144129627134E-03,2.726130590110327E-01,1.446627983061714E-01,-3.337092457587857E-02,5.822563383003624E-04,3.085238624390570E-03
4.352970411031988E-03,2.726134618817683E-01,1.446649426561796E-01,-3.336939598550016E-02,5.780220504629953E-04,3.090471016695967E-03
4.329797736458494E-03,2.726138618187137E-01,1.446670906207747E-01,-3.336791824859383E-02,5.738092577135490E-04,3.095646034241004E-03
4.306626070551236E-03,2.726142588382742E-01,1.446692421585045E-01,-3.336648993821843E-02,5.696175394579080E-04,3.100764797025366E-03
4.283455379722946E-03,2.726146529541351E-01,1.446713972316683E-01,-3.336510972056399E-02,5.654465029458874E-04,3.105828350901490E-03
4.260285631030456E-03,2.726150441805229E-01,1.446735558022884E-01,-3.336377629663394E-02,5.612957592299707E-04,3.110837731759083E-03
4.237116792416299E-03,2.726154325313974E-01,1.446757178330975E-01,-3.336248841420485E-02,5.571649288413068E-04,3.115793950350985E-03
4.213948832676912E-03,2.726158180204579E-01,1.446778832875219E-01,-3.336124486583850E-02,5.530536415215643E-04,3.120697993013503E-03
4.190781721432236E-03,2.726162006611499E-01,1.446800521296644E-01,-3.336004448690519E-02,5.489615359429571E-04,3.125550822384935E-03
4.167615429096606E-03,2.726165804666708E-01,1.446822243242884E-01,-3.335888615381260E-02,5.448882594607337E-04,3.130353378078665E-03
4.144449926850881E-03,2.726169574499762E-01,1.446843998368018E-01,-3.335776878221667E-02,5.408334678489133E-04,3.135106577359639E-03
4.121285186615751E-03,2.726173316237854E-01,1.446865786332422E-01,-3.335669132542059E-02,5.367968250672252E-04,3.139811315777632E-03
4.098121181026151E-03,2.726177030005874E-01,1.446887606802615E-01,-3.335565277277335E-02,5.327780030166742E-04,3.144468467799005E-03
4.074957883406751E-03,2.726180715926456E-01,1.446909459451117E-01,-3.335465214819553E-02,5.287766813143464E-04,3.149078887407722E-03
4.051795267748441E-03,2.726184374120039E-01,1.446931343956310E-01,-3.335368850876103E-02,5.247925470714984E-04,3.153643408691301E-03
4.028633308685792E-03,2.726188004704914E-01,1.446953260002301E-01,-3.335276094333238E-02,5.208252946749818E-04,3.158162846411870E-03
4.005471981475416E-03,2.726191607797271E-01,1.446975207278788E-01,-3.335186857130505E-02,5.168746255863758E-04,3.162637996549359E-03
3.982311261975204E-03,2.726195183511256E-01,1.446997185480934E-01,-3.335101054134461E-02,5.129402481306578E-04,3.167069636843086E-03
3.959151126624403E-03,2.726198731959010E-01,1.447019194309241E-01,-3.335018603025906E-02,5.090218773107220E-04,3.171458527298926E-03
3.935991552424460E-03,2.726202253250717E-01,1.447041233469428E-01,-3.334939424186058E-02,5.051192346114766E-04,3.175805410695253E-03
3.912832516920646E-03,2.726205747494650E-01,1.447063302672315E-01,-3.334863440592235E-02,5.012320478210661E-04,3.180111013063248E-03
3.889673998184379E-03,2.726209214797213E-01,1.447085401633705E-01,-3.334790577715578E-02,4.973600508503977E-04,3.184376044158560E-03
3.866515974796242E-03,2.726212655262982E-01,1.447107530074275E-01,-3.334720763425573E-02,4.935029835639708E-04,3.188601197913319E-03
3.843358425829653E-03,2.726216068994748E-01,1.447129687719470E-01,-3.334653927898035E-02,4.896605916136844E-04,3.192787152876026E-03
3.820201330835157E-03,2.726219456093555E-01,1.447151874299390E-01,-3.334590003526150E-02,4.858326262748031E-04,3.196934572640182E-03
3.797044669825316E-03,2.726222816658738E-01,1.447174089548697E-01,-3.334528924838803E-02,4.820188442962134E-04,3.201044106251988E-03
3.773888423260167E-03,2.726226150787963E-01,1.447196333206508E-01,-3.334470628417492E-02,4.782190077412089E-04,3.205116388616842E-03
3.750732572033229E-03,2.726229458577259E-01,1.447218605016303E-01,-3.334415052822663E-02,4.744328838494547E-04,3.209152040880095E-03
3.727577097458021E-03,2.726232740121060E-01,1.447240904725826E-01,-3.334362138518449E-02,4.706602448895256E-04,3.213151670806902E-03
3.704421981255085E-03,2.726235995512232E-01,1.447263232087000E-01,-3.334311827803693E-02,4.669008680246039E-04,3.217115873143526E-03
3.681267205539479E-03,2.726239224842112E-01,1.447285586855831E-01,-3.334264064744997E-02,4.631545351795682E-04,3.221045229969605E-03
3.658112752808729E-03,2.726242428200539E-01,1.447307968792324E-01,-3.334218795111966E-02,4.594210329101726E-04,3.224940311041042E-03
3.634958605931211E-03,2.726245605675885E-01,1.447330377660401E-01,-3.334175966316839E-02,4.557001522810327E-04,3.228801674118736E-03
3.611804748134959E-03,2.726248757355085E-01,1.447352813227814E-01,-3.334135527354700E-02,4.519916887414247E-04,3.232629865291560E-03
3.588651162996857E-03,2.726251883323672E-01,1.447375275266069E-01,-3.334097428748989E-02,4.482954420133264E-04,3.236425419283404E-03
3.565497834432226E-03,2.726254983665798E-01,1.447397763550348E-01,-3.334061622495380E-02,4.446112159708650E-04,3.240188859759224E-03
3.542344746684776E-03,2.726258058464272E-01,1.447420277859429E-01,-3.334028062012459E-02,4.409388185372157E-04,3.243920699612249E-03
3.519191884316893E-03,2.726261107800579E-01,1.447442817975617E-01,-3.333996702090695E-02,4.372780615729616E-04,3.247621441250373E-03
3.496039232200287E-03,2.726264131754912E-01,1.447465383684670E-01,-3.333967498845830E-02,4.336287607751344E-04,3.251291576868984E-03
3.472886775506942E-03,2.726267130406199E-01,1.447487974775728E-01,-3.333940409673436E-02,4.299907355769414E-04,3.254931588717097E-03
3.449734499700382E-03,2.726270103832125E-01,1.447510591041250E-01,-3.333915393204603E-02,4.263638090482235E-04,3.258541949356878E-03
3.426582390527236E-03,2.726273052109159E-01,1.447533232276938E-01,-3.333892409265535E-02,4.227478078057658E-04,3.262123121911160E-03
3.403430434009086E-03,2.726275975312577E-01,1.447555898281682E-01,-3.333871418835517E-02,4.191425619156490E-04,3.265675560309931E-03
3.380278616434585E-03,2.726278873516488E-01,1.447578588857493E-01,-3.333852384010423E-02,4.155479048112508E-04,3.269199709521959E-03
3.357126924351838E-03,2.726281746793857E-01,1.447601303809440E-01,-3.333835267963745E-02,4.119636732006410E-04,3.272696005787031E-03
3.333975344561042E-03,2.726284595216523E-01,1.447624042945591E-01,-3.333820034912848E-02,4.083897069890577E-04,3.276164876834367E-03
3.310823864107357E-03,2.726287418855226E-01,1.447646806076958E-01,-3.333806650083577E-02,4.048258491936609E-04,3.279606742100081E-03
3.287672470279466E-03,2.726290217772783E-01,1.447669593024014E-01,-3.333795080172996E-02,4.012719485881171E-04,3.283022005661231E-03
3.264521150577694E-03,2.726292992051501E-01,1.447692403590277E-01,-3.333785291329353E-02,3.977278487008889E-04,3.286411085643043E-03
3.241369892750548E-03,2.726295741752081E-01,1.447715237601875E-01,-3.333777252117671E-02,3.941934041903175E-04,3.289774370442611E-03
3.218218684756313E-03,2.726298466941067E-01,1.447738094881029E-01,-3.333770931484438E-02,3.906684697654822E-04,3.293112248347544E-03
3.195067514765929E-03,2.726301167684003E-01,1.447760975252633E-01,-3.333766299232935E-02,3.871529028770075E-04,3.296425100336817E-03
3.171916371157131E-03,2.726303844045455E-01,1.447783878544198E-01,-3.333763325997347E-02,3.836465636531239E-04,3.299713300259207E-03
3.148765242508772E-03,2.726306496089024E-01,1.447806804585811E-01,-3.333761983215403E-02,3.801493148287242E-04,3.302977215010362E-03
3.125614117595328E-03,2.726309123877367E-01,1.447829753210081E-01,-3.333762243104941E-02,3.766610216870290E-04,3.306217204700422E-03
3.102462985381569E-03,2.726311727472217E-01,1.447852724252095E-01,-3.333764078638397E-02,3.731815519920632E-04,3.309433622821168E-03
3.079311835017393E-03,2.726314306934393E-01,1.447875717549371E-01,-3.333767463521009E-02,3.697107759333195E-04,3.312626816404490E-03
3.056160655832821E-03,2.726316862323824E-01,1.447898732941817E-01,-3.333772372167594E-02,3.662485660636372E-04,3.315797126179442E-03
3.033009437333141E-03,2.726319393699561E-01,1.447921770271685E-01,-3.333778779681549E-02,3.627947972440458E-04,3.318944886723017E-03
3.009858169194201E-03,2.726321901119794E-01,1.447944829383530E-01,-3.333786661834185E-02,3.593493465884523E-04,3.322070426607268E-03
2.986706841257839E-03,2.726324384641865E-01,1.447967910124166E-01,-3.333795995044366E-02,3.559120934082176E-04,3.325174068542812E-03
2.963555443527451E-03,2.726326844322290E-01,1.447991012342631E-01,-3.333806756360172E-02,3.524829191632162E-04,3.328256129516897E-03
2.940403966163692E-03,2.726329280216764E-01,1.448014135890142E-01,-3.333818923439234E-02,3.490617074065578E-04,3.331316920929758E-03
2.917252399480300E-03,2.726331692380185E-01,1.448037280620063E-01,-3.333832474532032E-02,3.456483437396507E-04,3.334356748724878E-03
2.894100733940042E-03,2.726334080866661E-01,1.448060446387860E-01,-3.333847388463874E-02,3.422427157609923E-04,3.337375913517556E-03
2.870948960150780E-03,2.726336445729527E-01,1.448083633051072E-01,-3.333863644618794E-02,3.388447130214299E-04,3.340374710718757E-03
2.847797068861644E-03,2.726338787021357E-01,1.448106840469268E-01,-3.333881222923159E-02,3.354542269772167E-04,3.343353430656293E-03
2.824645050959325E-03,2.726341104793977E-01,1.448130068504020E-01,-3.333900103830507E-02,3.320711509469706E-04,3.346312358692220E-03
2.801492897464462E-03,2.726343399098482E-01,1.448153317018861E-01,-3.333920268306632E-02,3.286953800686890E-04,3.349251775337255E-03
2.778340599528138E-03,2.726345669985242E-01,1.448176585879258E-01,-3.333941697814840E-02,3.253268112564656E-04,3.352171956362329E-03
2.755188148428470E-03,2.726347917503917E-01,1.448199874952576E-01,-3.333964374302758E-02,3.219653431626982E-04,3.355073172906547E-03
2.732035535567298E-03,2.726350141703470E-01,1.448223184108047E-01,-3.333988280187974E-02,3.186108761345497E-04,3.357955691583088E-03
2.708882752466959E-03,2.726352342632179E-01,1.448246513216738E-01,-3.334013398346019E-02,3.152633121793074E-04,3.360819774581449E-03
2.685729790767158E-03,2.726354520337645E-01,1.448269862151525E-01,-3.334039712097190E-02,3.119225549240582E-04,3.363665679767603E-03
2.662576642221920E-03,2.726356674866806E-01,1.448293230787055E-01,-3.334067205194789E-02,3.085885095805479E-04,3.366493660781189E-03
2.639423298696618E-03,2.726358806265947E-01,1.448316618999727E-01,-3.334095861813450E-02,3.052610829096104E-04,3.369303967130248E-03
2.616269752165096E-03,2.726360914580713E-01,1.448340026667656E-01,-3.334125666537615E-02,3.019401831855291E-04,3.372096844283505E-03
2.593115994706853E-03,2.726362999856113E-01,1.448363453670648E-01,-3.334156604350948E-02,2.986257201636416E-04,3.374872533760189E-03
2.569962018504312E-03,2.726365062136538E-01,1.448386899890172E-01,-3.334188660625412E-02,2.953176050458580E-04,3.377631273217536E-03
2.546807815840158E-03,2.726367101465766E-01,1.448410365209336E-01,-3.334221821111666E-02,2.920157504512210E-04,3.380373296536149E-03
2.523653379094743E-03,2.726369117886972E-01,1.448433849512858E-01,-3.334256071928426E-02,2.887200703812443E-04,3.383098833902883E-03
2.500498700743562E-03,2.726371111442741E-01,1.448457352687042E-01,-3.334291399553710E-02,2.854304801929883E-04,3.385808111892017E-03
2.477343773354791E-03,2.726373082175071E-01,1.448480874619755E-01,-3.334327790815077E-02,2.821468965669733E-04,3.388501353543939E-03
2.454188589586892E-03,2.726375030125390E-01,1.448504415200398E-01,-3.334365232880978E-02,2.788692374795572E-04,3.391178778442151E-03
2.431033142186273E-03,2.726376955334559E-01,1.448527974319886E-01,-3.334403713252137E-02,2.755974221748103E-04,3.393840602788221E-03
2.407877423985013E-03,2.726378857842882E-01,1.448551551870625E-01,-3.334443219752953E-02,2.723313711359210E-04,3.396487039474668E-03
2.384721427898639E-03,2.726380737690116E-01,1.448575147746487E-01,-3.334483740523929E-02,2.690710060608096E-04,3.399118298156587E-03
2.361565146923963E-03,2.726382594915477E-01,1.448598761842789E-01,-3.334525264013182E-02,2.658162498328878E-04,3.401734585320529E-03
2.338408574136965E-03,2.726384429557652E-01,1.448622394056272E-01,-3.334567778969611E-02,2.625670264990856E-04,3.404336104352923E-03
2.315251702690739E-03,2.726386241654802E-01,1.448646044285077E-01,-3.334611274434864E-02,2.593232612416741E-04,3.406923055605407E-03
2.292094525813475E-03,2.726388031244574E-01,1.448669712428727E-01,-3.334655739736897E-02,2.560848803571741E-04,3.409495636459996E-03
2.268937036806503E-03,2.726389798364105E-01,1.448693398388107E-01,-3.334701164482655E-02,2.528518112305595E-04,3.412054041391395E-03
2.245779228936856E-03,2.726391543043813E-01,1.448717102070350E-01,-3.334747538812660E-02,2.496239837473699E-04,3.414598458197911E-03
2.222621095855670E-03,2.726393265332294E-01,1.448740823369156E-01,-3.334794852347890E-02,2.464013245158801E-04,3.417129083435909E-03
2.199462630968677E-03,2.726394965258976E-01,1.448764562194307E-01,-3.334843095757489E-02,2.431837655066927E-04,3.419646099337798E-03
2.176303827851050E-03,2.726396642859037E-01,1.448788318451935E-01,-3.334892259700785E-02,2.399712382378837E-04,3.422149689348866E-03
2.153144680141959E-03,2.726398298167186E-01,1.448812092049434E-01,-3.334942335084932E-02,2.367636752064435E-04,3.424640034299286E-03
2.129985181542875E-03,2.726399931217664E-01,1.448835882895447E-01,-3.334993313059649E-02,2.335610098699504E-04,3.427117312459232E-03
2.106825325815901E-03,2.726401542044254E-01,1.448859690899844E-01,-3.335045185011194E-02,2.303631766239076E-04,3.429581699590798E-03
2.083665106782149E-03,2.726403130680287E-01,1.448883515973709E-01,-3.335097942557629E-02,2.271701107853320E-04,3.432033369001046E-03
2.060504518320151E-03,2.726404697158647E-01,1.448907358029319E-01,-3.335151577543103E-02,2.239817485708272E-04,3.434472491591280E-03
2.037343554364303E-03,2.726406241511780E-01,1.448931216980133E-01,-3.335206082033375E-02,2.207980270807655E-04,3.436899235907669E-03
2.014182208903342E-03,2.726407763771696E-01,1.448955092740768E-01,-3.335261448310612E-02,2.176188842792606E-04,3.439313768188581E-03
1.991020475978865E-03,2.726409263969979E-01,1.448978985226991E-01,-3.335317668868883E-02,2.144442589774666E-04,3.441716252412185E-03
1.967858349683867E-03,2.726410742137789E-01,1.449002894355699E-01,-3.335374736409617E-02,2.112740908163159E-04,3.444106850342504E-03
1.944695824161321E-03,2.726412198305871E-01,1.449026820044904E-01,-3.335432643837029E-02,2.081083202487270E-04,3.446485721573904E-03
1.921532893602781E-03,2.726413632504560E-01,1.449050762213720E-01,-3.335491384254191E-02,2.049468885249750E-04,3.448853023576101E-03
1.898369552247021E-03,2.726415044763784E-01,1.449074720782347E-01,-3.335550950958438E-02,2.017897376740733E-04,3.451208911735679E-03
1.875205794378692E-03,2.726416435113072E-01,1.449098695672055E-01,-3.335611337437816E-02,1.986368104905356E-04,3.453553539399573E-03
1.852041614327020E-03,2.726417803581559E-01,1.449122686805176E-01,-3.335672537366864E-02,1.954880505171904E-04,3.455887057915029E-03
1.828877006464516E-03,2.726419150197988E-01,1.449146694105082E-01,-3.335734544603051E-02,1.923434020312535E-04,3.458209616670459E-03
1.805711965205724E-03,2.726420474990721E-01,1.449170717496179E-01,-3.335797353182970E-02,1.892028100287516E-04,3.460521363134106E-03
1.782546485005988E-03,2.726421777987739E-01,1.449194756903887E-01,-3.335860957318909E-02,1.860662202107968E-04,3.462822442892865E-03
1.759380560360242E-03,2.726423059216646E-01,1.449218812254635E-01,-3.335925351395420E-02,1.829335789695233E-04,3.465112999689828E-03
1.736214185801829E-03,2.726424318704680E-01,1.449242883475840E-01,-3.335990529965847E-02,1.798048333734883E-04,3.467393175460382E-03
1.713047355901334E-03,2.726425556478711E-01,1.449266970495901E-01,-3.336056487749390E-02,1.766799311559042E-04,3.469663110369379E-03
1.689880065265452E-03,2.726426772565249E-01,1.449291073244183E-01,-3.336123219627584E-02,1.735588206991853E-04,3.471922942844522E-03
1.666712308535863E-03,2.726427966990450E-01,1.449315191651007E-01,-3.336190720641659E-02,1.704414510243545E-04,3.474172809612510E-03
1.643544080388138E-03,2.726429139780114E-01,1.449339325647636E-01,-3.336258985989326E-02,1.673277717768015E-04,3.476412845731383E-03
1.620375375530660E-03,2.726430290959696E-01,1.449363475166268E-01,-3.336328011022062E-02,1.642177332147725E-04,3.478643184624099E-03
1.597206188703568E-03,2.726431420554308E-01,1.449387640140021E-01,-3.336397791242356E-02,1.611112861973025E-04,3.480863958110763E-03
1.574036514677715E-03,2.726432528588721E-01,1.449411820502921E-01,-3.336468322300931E-02,1.580083821718086E-04,3.483075296439660E-03
1.550866348253650E-03,2.726433615087374E-01,1.449436016189895E-01,-3.336539599994285E-02,1.549089731633247E-04,3.485277328318818E-03
1.527695684260614E-03,2.726434680074370E-01,1.449460227136759E-01,-3.336611620262023E-02,1.518130117622057E-04,3.487470180945372E-03
1.504524517555553E-03,2.726435723573490E-01,1.449484453280205E-01,-3.336684379184667E-02,1.487204511145919E-04,3.489653980036592E-03
1.481352843022149E-03,2.726436745608187E-01,1.449508694557796E-01,-3.336757872980968E-02,1.456312449094484E-04,3.491828849856895E-03
1.458180655569868E-03,2.726437746201597E-01,1.449532950907949E-01,-3.336832098005950E-02,1.425453473700335E-04,3.493994913248248E-03
1.435007950133023E-03,2.726438725376540E-01,1.449557222269933E-01,-3.336907050748462E-02,1.394627132419759E-04,3.496152291656507E-03
1.411834721669848E-03,2.726439683155521E-01,1.449581508583854E-01,-3.336982727829156E-02,1.363832977838284E-04,3.498301105159419E-03
1.388660965161593E-03,2.726440619560739E-01,1.449605809790646E-01,-3.337059125998407E-02,1.333070567570750E-04,3.500441472493320E-03
1.365486675611631E-03,2.726441534614085E-01,1.449630125832066E-01,-3.337136242134196E-02,1.302339464156110E-04,3.502573511078535E-03
1.342311848044577E-03,2.726442428337150E-01,1.449654456650679E-01,-3.337214073240388E-02,1.271639234976032E-04,3.504697337046564E-03
1.319136477505418E-03,2.726443300751226E-01,1.449678802189853E-01,-3.337292616444548E-02,1.240969452141050E-04,3.506813065263065E-03
1.295960559058666E-03,2.726444151877308E-01,1.449703162393750E-01,-3.337371868996449E-02,1.210329692419917E-04,3.508920809354852E-03
1.272784087787512E-03,2.726444981736099E-01,1.449727537207316E-01,-3.337451828265988E-02,1.179719537127960E-04,3.511020681731659E-03
1.249607058792997E-03,2.726445790348014E-01,1.449751926576274E-01,-3.337532491741776E-02,1.149138572057928E-04,3.513112793612023E-03
1.226429467193194E-03,2.726446577733182E-01,1.449776330447115E-01,-3.337613857029281E-02,1.118586387379145E-04,3.515197255044885E-03
1.203251307948259E-03,2.726447343905561E-01,1.449800748771106E-01,-3.337695922043113E-02,1.088062585310388E-04,3.517274172869400E-03
1.180072576554872E-03,2.726448088896493E-01,1.449825181488205E-01,-3.337778684229837E-02,1.057566748921768E-04,3.519343659022010E-03
1.156893268004611E-03,2.726448812719375E-01,1.449849628551191E-01,-3.337862141730770E-02,1.027098488886177E-04,3.521405818085879E-03
1.133713377475724E-03,2.726449515393220E-01,1.449874089909549E-01,-3.337946292603798E-02,9.966574120682497E-05,3.523460755657827E-03
1.110532900159564E-03,2.726450196936769E-01,1.449898565513494E-01,-3.338031135016244E-02,9.662431292996680E-05,3.525508576274639E-03
1.087351831259833E-03,2.726450857368496E-01,1.449923055313963E-01,-3.338116667243719E-02,9.358552553150808E-05,3.527549383435484E-03
1.064170165991837E-03,2.726451496706607E-01,1.449947559262608E-01,-3.338202887668585E-02,9.054934086580569E-05,3.529583279619847E-03
1.040987899581746E-03,2.726452114969044E-01,1.449972077311790E-01,-3.338289794778981E-02,8.751572116262433E-05,3.531610366310070E-03
1.017805027265867E-03,2.726452712173491E-01,1.449996609414572E-01,-3.338377387167373E-02,8.448462901787183E-05,3.533630744008301E-03
9.946215442899187E-04,2.726453288337370E-01,1.450021155524709E-01,-3.338465663529631E-02,8.145602738819721E-05,3.535644512258125E-03
9.714374459083232E-04,2.726453843477849E-01,1.450045715596647E-01,-3.338554622663762E-02,7.842987958265675E-05,3.537651769661662E-03
9.482527273834957E-04,2.726454377611841E-01,1.450070289585510E-01,-3.338644263468927E-02,7.540614925643127E-05,3.539652613898987E-03
9.250673839851477E-04,2.726454890756009E-01,1.450094877447101E-01,-3.338734584944418E-02,7.238480040402597E-05,3.541647141746327E-03
9.018814109895947E-04,2.726455382926768E-01,1.450119479137890E-01,-3.338825586188603E-02,6.936579735196870E-05,3.543635449093030E-03
8.786948036790716E-04,2.726455854140283E-01,1.450144094615010E-01,-3.338917266398136E-02,6.634910475349464E-05,3.545617630960954E-03
8.555075573410532E-04,2.726456304412479E-01,1.450168723836250E-01,-3.339009624866850E-02,6.333468758040182E-05,3.547593781519197E-03
8.323196672675822E-04,2.726456733759035E-01,1.450193366760052E-01,-3.339102660985104E-02,6.032251111841278E-05,3.549563994103591E-03
8.091311287546022E-04,2.726457142195392E-01,1.450218023345502E-01,-3.339196374238804E-02,5.731254095972745E-05,3.551528361231511E-03
7.859419371012963E-04,2.726457529736754E-01,1.450242693552326E-01,-3.339290764208717E-02,5.430474299766668E-05,3.553486974619427E-03
7.627520876094317E-04,2.726457896398086E-01,1.450267377340884E-01,-3.339385830569640E-02,5.129908342005975E-05,3.555439925198066E-03
7.395615755827086E-04,2.726458242194122E-01,1.450292074672166E-01,-3.339481573089750E-02,4.829552870378428E-05,3.557387303128953E-03
7.163703963261146E-04,2.726458567139364E-01,1.450316785507783E-01,-3.339577991629912E-02,4.529404560895336E-05,3.559329197819987E-03
6.931785451452828E-04,2.726458871248082E-01,1.450341509809966E-01,-3.339675086142982E-02,4.229460117261148E-05,3.561265697939794E-03
6.699860173458556E-04,2.726459154534321E-01,1.450366247541560E-01,-3.339772856673319E-02,3.929716270428845E-05,3.563196891434719E-03
6.467928082328509E-04,2.726459417011897E-01,1.450390998666016E-01,-3.339871303356035E-02,3.630169777886466E-05,3.565122865540984E-03
6.235989131100339E-04,2.726459658694405E-01,1.450415763147391E-01,-3.339970426416630E-02,3.330817423273272E-05,3.567043706801938E-03
6.004043272792915E-04,2.726459879595213E-01,1.450440540950338E-01,-3.340070226170354E-02,3.031656015728776E-05,3.568959501080455E-03
5.772090460400101E-04,2.726460079727474E-01,1.450465332040106E-01,-3.340170703021792E-02,2.732682389423805E-05,3.570870333574035E-03
5.540130646884573E-04,2.726460259104117E-01,1.450490136382532E-01,-3.340271857464418E-02,2.433893403042039E-05,3.572776288828710E-03
5.308163785171659E-04,2.726460417737856E-01,1.450514953944039E-01,-3.340373690080138E-02,2.135285939227254E-05,3.574677450751981E-03
5.076189828143210E-04,2.726460555641189E-01,1.450539784691629E-01,-3.340476201538963E-02,1.836856904137723E-05,3.576573902627288E-03
4.844208728631498E-04,2.726460672826400E-01,1.450564628592883E-01,-3.340579392598588E-02,1.538603226881438E-05,3.578465727126028E-03
4.612220439413133E-04,2.726460769305561E-01,1.450589485615951E-01,-3.340683264104178E-02,1.240521859140594E-05,3.580353006322644E-03
4.380224913203004E-04,2.726460845090532E-01,1.450614355729552E-01,-3.340787816987930E-02,9.426097745392055E-06,3.582235821704710E-03
4.148222102648241E-04,2.726460900192964E-01,1.450639238902970E-01,-3.340893052268954E-02,6.448639683227428E-06,3.584114254188416E-03
3.916211960322187E-04,2.726460934624300E-01,1.450664135106047E-01,-3.340998971052937E-02,3.472814567823703E-06,3.585988384129022E-03
3.684194438718398E-04,2.726460948395778E-01,1.450689044309183E-01,-3.341105574531992E-02,4.985927685103120E-07,3.587858291334207E-03
3.452169490244641E-04,2.726460941518429E-01,1.450713966483328E-01,-3.341212863984479E-02,-2.474055143487693E-06,3.589724055076208E-03
3.220137067216916E-04,2.726460914003080E-01,1.450738901599984E-01,-3.341320840774815E-02,-5.445158400046891E-06,3.591585754102756E-03
2.988097121853478E-04,2.726460865860358E-01,1.450763849631196E-01,-3.341429506353444E-02,-8.414746039461895E-06,3.593443466650966E-03
2.756049606268872E-04,2.726460797100688E-01,1.450788810549549E-01,-3.341538862256631E-02,-1.138284691225248E-05,3.595297270456093E-03
2.523994472467971E-04,2.726460707734293E-01,1.450813784328169E-01,-3.341648910106524E-02,-1.434948968383253E-05,3.597147242766177E-03
2.291931672340015E-04,2.726460597771201E-01,1.450838770940716E-01,-3.341759651610997E-02,-1.731470284031917E-05,3.598993460350189E-03
2.059861157652659E-04,2.726460467221241E-01,1.450863770361381E-01,-3.341871088563760E-02,-2.027851469123243E-05,3.600835999512134E-03
1.827782880046011E-04,2.726460316094047E-01,1.450888782564884E-01,-3.341983222844296E-02,-2.324095337465165E-05,3.602674936099940E-03
1.595696788691446E-04,2.726460144393345E-01,1.450913807530022E-01,-3.342096056612837E-02,-2.620204649668818E-05,3.604510344559524E-03
1.363602839612994E-04,2.726459952139806E-01,1.450938845225448E-01,-3.342209591531493E-02,-2.916182259935410E-05,3.606342301797826E-03
1.131500981710631E-04,2.726459739336767E-01,1.450963895631009E-01,-3.342323829931884E-02,-3.212030895752267E-05,3.608170881382998E-03
8.993911660546242E-05,2.726459505993090E-01,1.450988958723507E-01,-3.342438774037500E-02,-3.507753306162096E-05,3.609996157449900E-03
6.672733435578313E-05,2.726459252117446E-01,1.451014034480258E-01,-3.342554426158129E-02,-3.803352225034602E-05,3.611818203730363E-03
4.351474649696994E-05,2.726458977718315E-01,1.451039122879087E-01,-3.342670788690116E-02,-4.098830371343610E-05,3.613637093565601E-03
2.030134808702489E-05,2.726458682803990E-01,1.451064223898329E-01,-3.342787864116480E-02,-4.394190449682543E-05,3.615452899913295E-03
-2.912865833595633E-06,2.726458367382577E-01,1.451089337516824E-01,-3.342905655007258E-02,-4.689435150482093E-05,3.617265695360870E-03
-2.612790024258581E-05,2.726458031461995E-01,1.451114463713914E-01,-3.343024164019672E-02,-4.984567150528527E-05,3.619075552132048E-03
-4.934376013639713E-05,2.726457675049978E-01,1.451139602469441E-01,-3.343143393898514E-02,-5.279589113186372E-05,3.620882542099648E-03
-7.256045053084744E-05,2.726457298154074E-01,1.451164753763746E-01,-3.343263347476408E-02,-5.574503688856933E-05,3.622686736792999E-03
-9.577797646173215E-05,2.726456900781650E-01,1.451189917577666E-01,-3.343384027674189E-02,-5.869313515281546E-05,3.624488207408593E-03
-1.189963429854381E-04,2.726456482939889E-01,1.451215093892530E-01,-3.343505437501278E-02,-6.164021217891282E-05,3.626287024819519E-03
-1.422155551795603E-04,2.726456044635790E-01,1.451240282690158E-01,-3.343627580056067E-02,-6.458629410202486E-05,3.628083259583654E-03
-1.654356181435208E-04,2.726455585876175E-01,1.451265483952860E-01,-3.343750458526400E-02,-6.753140694059549E-05,3.629876981955172E-03
-1.886565369991921E-04,2.726455106667683E-01,1.451290697663432E-01,-3.343874076189967E-02,-7.047557660109399E-05,3.631668261890541E-03
-2.118783168915222E-04,2.726454607016773E-01,1.451315923805155E-01,-3.343998436414859E-02,-7.341882888000544E-05,3.633457169060707E-03
-2.351009629891648E-04,2.726454086929728E-01,1.451341162361794E-01,-3.344123542660042E-02,-7.636118946812987E-05,3.635243772857754E-03
-2.583244804851114E-04,2.726453546412650E-01,1.451366413317592E-01,-3.344249398475928E-02,-7.930268395324938E-05,3.637028142405207E-03
-2.815488745973293E-04,2.726452985471466E-01,1.451391676657275E-01,-3.344376007504933E-02,-8.224333782386422E-05,3.638810346565651E-03
-3.047741505694017E-04,2.726452404111924E-01,1.451416952366044E-01,-3.344503373482092E-02,-8.518317647204361E-05,3.640590453950295E-03
-3.280003136711738E-04,2.726451802339598E-01,1.451442240429575E-01,-3.344631500235695E-02,-8.812222519661108E-05,3.642368532927592E-03
-3.512273691994023E-04,2.726451180159885E-01,1.451467540834020E-01,-3.344760391687932E-02,-9.106050920678462E-05,3.644144651630599E-03
-3.744553224784098E-04,2.726450537578009E-01,1.451492853566001E-01,-3.344890051855615E-02,-9.399805362433604E-05,3.645918877967793E-03
-3.976841788607448E-04,2.726449874599019E-01,1.451518178612613E-01,-3.345020484850864E-02,-9.693488348801585E-05,3.647691279628210E-03
-4.209139437278457E-04,2.726449191227790E-01,1.451543515961420E-01,-3.345151694881893E-02,-9.987102375529882E-05,3.649461924093015E-03
-4.441446224907111E-04,2.726448487469024E-01,1.451568865600452E-01,-3.345283686253772E-02,-1.028064993063898E-04,3.651230878641376E-03
-4.673762205905753E-04,2.726447763327251E-01,1.451594227518208E-01,-3.345416463369250E-02,-1.057413349467613E-04,3.652998210359827E-03
-4.906087434995892E-04,2.726447018806829E-01,1.451619601703651E-01,-3.345550030729603E-02,-1.086755554101473E-04,3.654763986150391E-03
-5.138421967215079E-04,2.726446253911943E-01,1.451644988146208E-01,-3.345684392935503E-02,-1.116091853618687E-04,3.656528272737726E-03
-5.370765857923839E-04,2.726445468646610E-01,1.451670386835768E-01,-3.345819554687937E-02,-1.145422494013025E-04,3.658291136678315E-03
-5.603119162812671E-04,2.726444663014674E-01,1.451695797762684E-01,-3.345955520789140E-02,-1.174747720653958E-04,3.660052644366886E-03
-5.835481937909111E-04,2.726443837019809E-01,1.451721220917767E-01,-3.346092296143581E-02,-1.204067778306189E-04,3.661812862046719E-03
-6.067854239584870E-04,2.726442990665520E-01,1.451746656292289E-01,-3.346229885758963E-02,-1.233382911171431E-04,3.663571855814101E-03
-6.300236124563035E-04,2.726442123955142E-01,1.451772103877980E-01,-3.346368294747272E-02,-1.262693362903984E-04,3.665329691629461E-03
-6.532627649925350E-04,2.726441236891840E-01,1.451797563667028E-01,-3.346507528325849E-02,-1.291999376648534E-04,3.667086435322622E-03
-6.765028873119573E-04,2.726440329478614E-01,1.451823035652077E-01,-3.346647591818508E-02,-1.321301195063611E-04,3.668842152601694E-03
-6.997439851966905E-04,2.726439401718291E-01,1.451848519826228E-01,-3.346788490656681E-02,-1.350599060349566E-04,3.670596909060689E-03
-7.229860644669509E-04,2.726438453613534E-01,1.451874016183035E-01,-3.346930230380604E-02,-1.379893214281041E-04,3.672350770185842E-03
-7.462291309818105E-04,2.726437485166835E-01,1.451899524716509E-01,-3.347072816640533E-02,-1.409183898225228E-04,3.674103801365628E-03
-7.694731906399655E-04,2.726436496380520E-01,1.451925045421114E-01,-3.347216255198014E-02,-1.438471353182159E-04,3.675856067894790E-03
-7.927182493805136E-04,2.726435487256747E-01,1.451950578291765E-01,-3.347360551927163E-02,-1.467755819797957E-04,3.677607634985552E-03
-8.159643131837404E-04,2.726434457797510E-01,1.451976123323834E-01,-3.347505712816022E-02,-1.497037538405938E-04,3.679358567771214E-03
-8.392113880719155E-04,2.726433408004631E-01,1.452001680513140E-01,-3.347651743967913E-02,-1.526316749040744E-04,3.681108931316999E-03
-8.624594801100974E-04,2.726432337879770E-01,1.452027249855958E-01,-3.347798651602869E-02,-1.555593691474436E-04,3.682858790624819E-03
-8.857085957081086E-04,2.726431247418771E-01,1.452052831352402E-01,-3.347946442306185E-02,-1.584868604760208E-04,3.684608210538835E-03
-9.089587404184474E-04,2.726430136634255E-01,1.452078424992865E-01,-3.348095122043329E-02,-1.614141729238462E-04,3.686357256182710E-03
-9.322099207389241E-04,2.726429005521732E-01,1.452104030778363E-01,-3.348244697638662E-02,-1.643413303497596E-04,3.688105992293804E-03
-9.554621429140137E-04,2.726427854082198E-01,1.452129648706975E-01,-3.348395175794011E-02,-1.672683566508114E-04,3.689854483697703E-03
-9.787154132351632E-04,2.726426682316479E-01,1.452155278777224E-01,-3.348546563335626E-02,-1.701952757109738E-04,3.691602795192712E-03
-1.001969738041662E-03,2.726425490225237E-01,1.452180920988088E-01,-3.348698867215817E-02,-1.731221114028128E-04,3.693350991559586E-03
-1.025225123721523E-03,2.726424277808968E-01,1.452206575338991E-01,-3.348852094514725E-02,-1.760488875913425E-04,3.695099137564997E-03
-1.048481576712375E-03,2.726423045068001E-01,1.452232241829810E-01,-3.349006252442026E-02,-1.789756281352119E-04,3.696847297972551E-03
-1.071739103502372E-03,2.726421792002503E-01,1.452257920460870E-01,-3.349161348338815E-02,-1.819023568906489E-04,3.698595537545835E-03
-1.094997710631109E-03,2.726420518612471E-01,1.452283611232945E-01,-3.349317389679399E-02,-1.848290977127413E-04,3.700343921059078E-03
-1.118257404690555E-03,2.726419224897738E-01,1.452309314147261E-01,-3.349474384073264E-02,-1.877558744588962E-04,3.702092513301454E-03
-1.141518192325998E-03,2.726417910857973E-01,1.452335029205493E-01,-3.349632339267012E-02,-1.906827109909053E-04,3.703841379085370E-03
-1.164780080237005E-03,2.726416576492678E-01,1.452360756409765E-01,-3.349791263146376E-02,-1.936096311774620E-04,3.705590583253393E-03
-1.188043075178395E-03,2.726415221801187E-01,1.452386495762654E-01,-3.349951163738324E-02,-1.965366588971270E-04,3.707340190683798E-03
-1.211307183961228E-03,2.726413846782672E-01,1.452412247267185E-01,-3.350112049213117E-02,-1.994638180399036E-04,3.709090266300164E-03
-1.234572413453805E-03,2.726412451436136E-01,1.452438010926836E-01,-3.350273927886584E-02,-2.023911325109880E-04,3.710840875074474E-03
-1.257838770582689E-03,2.726411035760418E-01,1.452463786745534E-01,-3.350436808222262E-02,-2.053186262319802E-04,3.712592082037718E-03
-1.281106262333739E-03,2.726409599754189E-01,1.452489574727662E-01,-3.350600698833771E-02,-2.082463231442706E-04,3.714343952283955E-03
-1.304374895753158E-03,2.726408143415956E-01,1.452515374878051E-01,-3.350765608487118E-02,-2.111742472109204E-04,3.716096550978831E-03
-1.327644677948563E-03,2.726406666744057E-01,1.452541187201987E-01,-3.350931546103160E-02,-2.141024224195693E-04,3.717849943364959E-03
-1.350915616090065E-03,2.726405169736664E-01,1.452567011705209E-01,-3.351098520760053E-02,-2.170308727845273E-04,3.719604194769715E-03
-1.374187717411374E-03,2.726403652391785E-01,1.452592848393910E-01,-3.351266541695798E-02,-2.199596223492037E-04,3.721359370611970E-03
-1.397460989210915E-03,2.726402114707256E-01,1.452618697274737E-01,-3.351435618310898E-02,-2.228886951889841E-04,3.723115536407388E-03
-1.420735438852967E-03,2.726400556680749E-01,1.452644558354793E-01,-3.351605760170947E-02,-2.258181154127212E-04,3.724872757777956E-03
-1.444011073768822E-03,2.726398978309768E-01,1.452670431641637E-01,-3.351776977009509E-02,-2.287479071663984E-04,3.726631100454729E-03
-1.467287901457953E-03,2.726397379591649E-01,1.452696317143285E-01,-3.351949278730805E-02,-2.316780946342551E-04,3.728390630288418E-03
-1.490565929489220E-03,2.726395760523558E-01,1.452722214868210E-01,-3.352122675412711E-02,-2.346087020420872E-04,3.730151413253146E-03
-1.513845165502078E-03,2.726394121102497E-01,1.452748124825345E-01,-3.352297177309669E-02,-2.375397536591570E-04,3.731913515454494E-03
-1.537125617207815E-03,2.726392461325295E-01,1.452774047024081E-01,-3.352472794855736E-02,-2.404712738005535E-04,3.733677003136099E-03
-1.560407292390813E-03,2.726390781188614E-01,1.452799981474271E-01,-3.352649538667750E-02,-2.434032868298875E-04,3.735441942685118E-03
-1.583690198909829E-03,2.726389080688947E-01,1.452825928186228E-01,-3.352827419548478E-02,-2.463358171611706E-04,3.737208400640241E-03
-1.606974344699292E-03,2.726387359822615E-01,1.452851887170728E-01,-3.353006448489981E-02,-2.492688892617191E-04,3.738976443696361E-03
-1.630259737770633E-03,2.726385618585772E-01,1.452877858439012E-01,-3.353186636676859E-02,-2.522025276535491E-04,3.740746138714050E-03
-1.653546386213638E-03,2.726383856974398E-01,1.452903842002784E-01,-3.353367995489896E-02,-2.551367569169498E-04,3.742517552721921E-03
-1.676834298197813E-03,2.726382074984307E-01,1.452929837874216E-01,-3.353550536509421E-02,-2.580716016915079E-04,3.744290752927199E-03
-1.700123481973790E-03,2.726380272611136E-01,1.452955846065947E-01,-3.353734271519096E-02,-2.610070866793107E-04,3.746065806719130E-03
-1.723413945874752E-03,2.726378449850355E-01,1.452981866591082E-01,-3.353919212509580E-02,-2.639432366467511E-04,3.747842781676881E-03
-1.746705698317879E-03,2.726376606697258E-01,1.453007899463199E-01,-3.354105371682364E-02,-2.668800764267810E-04,3.749621745575913E-03
-1.769998747805828E-03,2.726374743146969E-01,1.453033944696347E-01,-3.354292761453789E-02,-2.698176309216114E-04,3.751402766392766E-03
-1.793293102928240E-03,2.726372859194438E-01,1.453060002305047E-01,-3.354481394458920E-02,-2.727559251040103E-04,3.753185912314451E-03
-1.816588772363274E-03,2.726370954834442E-01,1.453086072304294E-01,-3.354671283555921E-02,-2.756949840207828E-04,3.754971251740445E-03
-1.839885764879167E-03,2.726369030061581E-01,1.453112154709560E-01,-3.354862441830054E-02,-2.786348327935704E-04,3.756758853293592E-03
-1.863184089335832E-03,2.726367084870283E-01,1.453138249536792E-01,-3.355054882598308E-02,-2.815754966224138E-04,3.758548785821583E-03
-1.886483754686476E-03,2.726365119254801E-01,1.453164356802419E-01,-3.355248619413634E-02,-2.845170007866300E-04,3.760341118407436E-03
-1.909784769979261E-03,2.726363133209210E-01,1.453190476523348E-01,-3.355443666069726E-02,-2.874593706478724E-04,3.762135920372426E-03
-1.933087144754318E-03,2.726361126721731E-01,1.453216608720457E-01,-3.355640036977460E-02,-2.904026319082899E-04,3.763933262009397E-03
-1.956390887466745E-03,2.726359099797443E-01,1.453242753404651E-01,-3.355837745686547E-02,-2.933468095936840E-04,3.765733211705561E-03
-1.979696007852581E-03,2.726357052424215E-01,1.453268910597772E-01,-3.356036807109382E-02,-2.962919295736677E-04,3.767535840242911E-03
-2.003002515357012E-03,2.726354984595413E-01,1.453295080318668E-01,-3.356237236050802E-02,-2.992380175584927E-04,3.769341217961319E-03
-2.026310419528956E-03,2.726352896304225E-01,1.453321262586676E-01,-3.356439047581300E-02,-3.021850993510632E-04,3.771149415468575E-03
-2.049619730022923E-03,2.726350787543660E-01,1.453347457421623E-01,-3.356642257042192E-02,-3.051332008479856E-04,3.772960503649471E-03
-2.072930456600921E-03,2.726348658306546E-01,1.453373664843832E-01,-3.356846880051461E-02,-3.080823480428045E-04,3.774774553666899E-03
-2.096242609134395E-03,2.726346508585530E-01,1.453399884874118E-01,-3.357052932509092E-02,-3.110325670265216E-04,3.776591636972501E-03
-2.119556197606204E-03,2.726344338373079E-01,1.453426117533797E-01,-3.357260430603263E-02,-3.139838839908828E-04,3.778411825307132E-03
-2.142871232112642E-03,2.726342147661476E-01,1.453452362844680E-01,-3.357469390816005E-02,-3.169363252289415E-04,3.780235190710983E-03
-2.166187722865504E-03,2.726339936442822E-01,1.453478620829082E-01,-3.357679829929615E-02,-3.198899171378029E-04,3.782061805525514E-03
-2.189505680194191E-03,2.726337704709034E-01,1.453504891509822E-01,-3.357891765032845E-02,-3.228446862199253E-04,3.783891742400435E-03
-2.212825114547861E-03,2.726335452451845E-01,1.453531174910223E-01,-3.358105213527414E-02,-3.258006590848419E-04,3.785725074298864E-03
-2.236146036497623E-03,2.726333179662803E-01,1.453557471054115E-01,-3.358320193134815E-02,-3.287578624513085E-04,3.787561874500606E-03
-2.259468456738786E-03,2.726330886333268E-01,1.453583779965840E-01,-3.358536721902907E-02,-3.317163231479915E-04,3.789402216610615E-03
-2.282792386093147E-03,2.726328572454417E-01,1.453610101670252E-01,-3.358754818213358E-02,-3.346760681163325E-04,3.791246174558895E-03
-2.306117835511333E-03,2.726326238017236E-01,1.453636436192719E-01,-3.358974500788506E-02,-3.376371244107751E-04,3.793093822610076E-03
-2.329444816075195E-03,2.726323883012524E-01,1.453662783559125E-01,-3.359195788699102E-02,-3.405995192011615E-04,3.794945235364327E-03
-2.352773339000256E-03,2.726321507430892E-01,1.453689143795875E-01,-3.359418701371790E-02,-3.435632797735392E-04,3.796800487763989E-03
-2.376103415638203E-03,2.726319111262759E-01,1.453715516929895E-01,-3.359643258597145E-02,-3.465284335319571E-04,3.798659655095928E-03
-2.399435057479450E-03,2.726316694498356E-01,1.453741902988635E-01,-3.359869480537659E-02,-3.494950079993680E-04,3.800522812996937E-03
-2.422768276155743E-03,2.726314257127720E-01,1.453768302000071E-01,-3.360097387736071E-02,-3.524630308188047E-04,3.802390037457580E-03
-2.446103083442835E-03,2.726311799140696E-01,1.453794713992707E-01,-3.360327001124114E-02,-3.554325297549487E-04,3.804261404823928E-03
-2.469439491263217E-03,2.726309320526937E-01,1.453821138995583E-01,-3.360558342030982E-02,-3.584035326941979E-04,3.806136991804794E-03
-2.492777511688907E-03,2.726306821275901E-01,1.453847577038267E-01,-3.360791432192896E-02,-3.613760676468808E-04,3.808016875469645E-03
-2.516117156944312E-03,2.726304301376851E-01,1.453874028150866E-01,-3.361026293761938E-02,-3.643501627467827E-04,3.809901133256869E-03
-2.539458439409147E-03,2.726301760818855E-01,1.453900492364029E-01,-3.361262949316030E-02,-3.673258462528057E-04,3.811789842972581E-03
-2.562801371621428E-03,2.726299199590783E-01,1.453926969708941E-01,-3.361501421868627E-02,-3.703031465491062E-04,3.813683082795010E-03
-2.586145966280530E-03,2.726296617681309E-01,1.453953460217336E-01,-3.361741734878894E-02,-3.732820921455870E-04,3.815580931276637E-03
-2.609492236250320E-03,2.726294015078908E-01,1.453979963921491E-01,-3.361983912262333E-02,-3.762627116786192E-04,3.817483467344527E-03
-2.632840194562364E-03,2.726291391771854E-01,1.454006480854236E-01,-3.362227978401362E-02,-3.792450339108088E-04,3.819390770303837E-03
-2.656189854419206E-03,2.726288747748223E-01,1.454033011048951E-01,-3.362473958156686E-02,-3.822290877316831E-04,3.821302919836416E-03
-2.679541229197728E-03,2.726286082995890E-01,1.454059554539570E-01,-3.362721876878295E-02,-3.852149021567021E-04,3.823219996005729E-03
-2.702894332452592E-03,2.726283397502527E-01,1.454086111360586E-01,-3.362971760417860E-02,-3.882025063283433E-04,3.825142079251498E-03
-2.726249177919766E-03,2.726280691255602E-01,1.454112681547052E-01,-3.363223635140237E-02,-3.911919295144404E-04,3.827069250395466E-03
-2.749605779520126E-03,2.726277964242383E-01,1.454139265134582E-01,-3.363477527936437E-02,-3.941832011085729E-04,3.829001590636670E-03
-2.772964151363159E-03,2.726275216449930E-01,1.454165862159355E-01,-3.363733466236265E-02,-3.971763506288634E-04,3.830939181552647E-03
-2.796324307750750E-03,2.726272447865099E-01,1.454192472658121E-01,-3.363991478021597E-02,-4.001714077170451E-04,3.832882105097989E-03
-2.819686263181062E-03,2.726269658474540E-01,1.454219096668197E-01,-3.364251591840310E-02,-4.031684021377847E-04,3.834830443600162E-03
-2.843050032352514E-03,2.726266848264694E-01,1.454245734227474E-01,-3.364513836819869E-02,-4.061673637763878E-04,3.836784279761423E-03
-2.866415630167862E-03,2.726264017221797E-01,1.454272385374419E-01,-3.364778242682598E-02,-4.091683226384737E-04,3.838743696649486E-03
-2.889783071738374E-03,2.726261165331875E-01,1.454299050148078E-01,-3.365044839759856E-02,-4.121713088467339E-04,3.840708777700565E-03
-2.913152372388119E-03,2.726258292580742E-01,1.454325728588076E-01,-3.365313659008336E-02,-4.151763526402007E-04,3.842679606708021E-03
-2.936523547658362E-03,2.726255398954006E-01,1.454352420734622E-01,-3.365584732025233E-02,-4.181834843705820E-04,3.844656267823574E-03
-2.959896613312070E-03,2.726252484437060E-01,1.454379126628510E-01,-3.365858091065276E-02,-4.211927345004840E-04,3.846638845546686E-03
-2.983271585887857E-03,2.726249549009274E-01,1.454405846314983E-01,-3.366133769711000E-02,-4.242041342073103E-04,3.848627426412011E-03
-3.006648480512012E-03,2.726246592667241E-01,1.454432579828305E-01,-3.366411800285428E-02,-4.272177129589814E-04,3.850622092238266E-03
-3.030027314185650E-03,2.726243615389907E-01,1.454459327214891E-01,-3.366692217763535E-02,-4.302335021291754E-04,3.852622930197671E-03
-3.053408103606000E-03,2.726240617161815E-01,1.454486088517900E-01,-3.366975057204432E-02,-4.332515325889059E-04,3.854630026112716E-03
-3.076790865716348E-03,2.726237597967293E-01,1.454512863781091E-01,-3.367260354415309E-02,-4.362718353014527E-04,3.856643466110679E-03
-3.100175617711297E-03,2.726234557790454E-01,1.454539653048818E-01,-3.367548145970641E-02,-4.392944413165710E-04,3.858663336617175E-03
-3.123562377042171E-03,2.726231496615195E-01,1.454566456366041E-01,-3.367838469233705E-02,-4.423193817663569E-04,3.860689724336284E-03
-3.146951161422562E-03,2.726228414425194E-01,1.454593273778320E-01,-3.368131362376732E-02,-4.453466878581020E-04,3.862722716244469E-03
-3.170341988834030E-03,2.726225311203917E-01,1.454620105331821E-01,-3.368426864403946E-02,-4.483763908692728E-04,3.864762399567322E-03
-3.193734877531949E-03,2.726222186934607E-01,1.454646951073316E-01,-3.368725015173191E-02,-4.514085221394536E-04,3.866808861770345E-03
-3.217129846051528E-03,2.726219041600294E-01,1.454673811050184E-01,-3.369025855420120E-02,-4.544431130637764E-04,3.868862190535391E-03
-3.240526913213979E-03,2.726215875183787E-01,1.454700685310418E-01,-3.369329426782016E-02,-4.574801950844612E-04,3.870922473743779E-03
-3.263926098132873E-03,2.726212687667677E-01,1.454727573902616E-01,-3.369635771822822E-02,-4.605197996821481E-04,3.872989799455008E-03
-3.287327420220663E-03,2.726209479034337E-01,1.454754476875992E-01,-3.369944934059444E-02,-4.635619583669676E-04,3.875064255880829E-03
-3.310730899195391E-03,2.726206249265921E-01,1.454781394280373E-01,-3.370256957987665E-02,-4.666067026676577E-04,3.877145931366199E-03
-3.334136555087587E-03,2.726202998344362E-01,1.454808326166198E-01,-3.370571889111047E-02,-4.696540641218590E-04,3.879234914354255E-03
-3.357544408247359E-03,2.726199726251378E-01,1.454835272584521E-01,-3.370889773968358E-02,-4.727040742633815E-04,3.881331293365603E-03
-3.380954479351693E-03,2.726196432968463E-01,1.454862233587013E-01,-3.371210660164133E-02,-4.757567646105158E-04,3.883435156961066E-03
-3.404366789411955E-03,2.726193118476897E-01,1.454889209225956E-01,-3.371534596398782E-02,-4.788121666521576E-04,3.885546593712035E-03
-3.427781359781611E-03,2.726189782757739E-01,1.454916199554251E-01,-3.371861632500855E-02,-4.818703118338325E-04,3.887665692161246E-03
-3.451198212164180E-03,2.726186425791830E-01,1.454943204625411E-01,-3.372191819459568E-02,-4.849312315420411E-04,3.889792540786509E-03
-3.474617368621405E-03,2.726183047559793E-01,1.454970224493565E-01,-3.372525209458878E-02,-4.879949570878023E-04,3.891927227959218E-03
-3.498038851581676E-03,2.726179648042035E-01,1.454997259213454E-01,-3.372861855913308E-02,-4.910615196894013E-04,3.894069841896498E-03
-3.521462683848703E-03,2.726176227218746E-01,1.455024308840431E-01,-3.373201813503435E-02,-4.941309504528594E-04,3.896220470620340E-03
-3.544888888610436E-03,2.726172785069900E-01,1.455051373430460E-01,-3.373545138215320E-02,-4.972032803527454E-04,3.898379201897013E-03
-3.568317489448269E-03,2.726169321575257E-01,1.455078453040112E-01,-3.373891887378232E-02,-5.002785402097481E-04,3.900546123192061E-03
-3.591748510346506E-03,2.726165836714363E-01,1.455105547726567E-01,-3.374242119706540E-02,-5.033567606683607E-04,3.902721321604697E-03
-3.615181975702131E-03,2.726162330466553E-01,1.455132657547606E-01,-3.374595895341354E-02,-5.064379721720391E-04,3.904904883808909E-03
-3.638617910334860E-03,2.726158802810951E-01,1.455159782561611E-01,-3.374953275894322E-02,-5.095222049370323E-04,3.907096895986641E-03
-3.662056339497517E-03,2.726155253726470E-01,1.455186922827559E-01,-3.375314324493556E-02,-5.126094889246717E-04,3.909297443753528E-03
-3.685497288886723E-03,2.726151683191819E-01,1.455214078405023E-01,-3.375679105830142E-02,-5.156998538112912E-04,3.911506612086429E-03
-3.708940784653922E-03,2.726148091185500E-01,1.455241249354161E-01,-3.376047686207924E-02,-5.187933289567799E-04,3.913724485236992E-03
-3.732386853416756E-03,2.726144477685813E-01,1.455268435735714E-01,-3.376420133592930E-02,-5.218899433702097E-04,3.915951146652809E-03
-3.755835522270790E-03,2.726140842670857E-01,1.455295637610998E-01,-3.376796517668078E-02,-5.249897256743448E-04,3.918186678873137E-03
-3.779286818801623E-03,2.726137186118536E-01,1.455322855041901E-01,-3.377176909885989E-02,-5.280927040665250E-04,3.920431163441373E-03
-3.802740771097375E-03,2.726133508006557E-01,1.455350088090872E-01,-3.377561383527394E-02,-5.311989062780303E-04,3.922684680790707E-03
-3.826197407761591E-03,2.726129808312438E-01,1.455377336820915E-01,-3.377950013759527E-02,-5.343083595301419E-04,3.924947310135669E-03
-3.849656757926543E-03,2.726126087013508E-01,1.455404601295580E-01,-3.378342877697600E-02,-5.374210904875280E-04,3.927219129351786E-03
-3.873118851266993E-03,2.726122344086916E-01,1.455431881578952E-01,-3.378740054469542E-02,-5.405371252086965E-04,3.929500214842505E-03
-3.896583718014386E-03,2.726118579509629E-01,1.455459177735641E-01,-3.379141625280778E-02,-5.436564890928254E-04,3.931790641411801E-03
-3.920051388971530E-03,2.726114793258443E-01,1.455486489830771E-01,-3.379547673485733E-02,-5.467792068236183E-04,3.934090482104699E-03
-3.943521895527753E-03,2.726110985309982E-01,1.455513817929966E-01,-3.379958284657104E-02,-5.499053023089675E-04,3.936399808066428E-03
-3.966995269674580E-03,2.726107155640710E-01,1.455541162099338E-01,-3.380373546663437E-02,-5.530347986170571E-04,3.938718688360974E-03
-3.990471544021935E-03,2.726103304226932E-01,1.455568522405469E-01,-3.380793549744478E-02,-5.561677179080332E-04,3.941047189808227E-03
-4.013950751814894E-03,2.726099431044803E-01,1.455595898915399E-01,-3.381218386594201E-02,-5.593040813612832E-04,3.943385376784365E-03
-4.037432927800176E-03,2.726095536064272E-01,1.455623291701162E-01,-3.381648153840698E-02,-5.624439100675669E-04,3.945733313751114E-03
-4.060918104857234E-03,2.726091619273334E-01,1.455650700821559E-01,-3.382082946576575E-02,-5.655872210728738E-04,3.948091054154943E-03
-4.084406319082567E-03,2.726087680641680E-01,1.455678126349421E-01,-3.382522866746736E-02,-5.687340330928476E-04,3.950458656498096E-03
-4.107897606441287E-03,2.726083720144941E-01,1.455705568353420E-01,-3.382968017739640E-02,-5.718843625560690E-04,3.952836173246756E-03
-4.131392003626557E-03,2.726079737758635E-01,1.455733026902576E-01,-3.383418505857573E-02,-5.750382244681059E-04,3.955223653271371E-03
-4.154889548080179E-03,2.726075733458186E-01,1.455760502066239E-01,-3.383874440418246E-02,-5.781956323052936E-04,3.957621141581101E-03
-4.178390278013913E-03,2.726071707218925E-01,1.455787993914055E-01,-3.384335933866523E-02,-5.813565979001993E-04,3.960028679008604E-03
-4.201894232431582E-03,2.726067659016111E-01,1.455815502515939E-01,-3.384803101883875E-02,-5.845211313212025E-04,3.962446301913218E-03
-4.225401451151959E-03,2.726063588824937E-01,1.455843027942041E-01,-3.385276063510278E-02,-5.876892407419596E-04,3.964874041821646E-03
-4.248911974832512E-03,2.726059496620547E-01,1.455870570262713E-01,-3.385754941263949E-02,-5.908609323043912E-04,3.967311925086264E-03
-4.272425844994002E-03,2.726055382378051E-01,1.455898129548471E-01,-3.386239861272789E-02,-5.940362099703947E-04,3.969759972484695E-03
-4.295943104046024E-03,2.726051246072537E-01,1.455925705869953E-01,-3.386730953407550E-02,-5.972150753650219E-04,3.972218198815319E-03
-4.319463795313471E-03,2.726047087679093E-01,1.455953299297880E-01,-3.387228351422424E-02,-6.003975276085493E-04,3.974686612457268E-03
-4.342987963064023E-03,2.726042907172820E-01,1.455980909903007E-01,-3.387732193103503E-02,-6.035835631364622E-04,3.977165214891992E-03
-4.366515652536664E-03,2.726038704528856E-01,1.456008537756072E-01,-3.388242620419392E-02,-6.067731755093758E-04,3.979654000217757E-03
-4.390046909971295E-03,2.726034479722392E-01,1.456036182927748E-01,-3.388759779686298E-02,-6.099663552062107E-04,3.982152954588618E-03
-4.413581782639497E-03,2.726030232728698E-01,1.456063845488579E-01,-3.389283821731798E-02,-6.131630894078391E-04,3.984662055664713E-03
-4.437120318876469E-03,2.726025963523145E-01,1.456091525508924E-01,-3.389814902074193E-02,-6.163633617615085E-04,3.987181271979850E-03
-4.460662568114243E-03,2.726021672081229E-01,1.456119223058892E-01,-3.390353181104663E-02,-6.195671521322019E-04,3.989710562296639E-03
-4.484208580916184E-03,2.726017358378603E-01,1.456146938208267E-01,-3.390898824282136E-02,-6.227744363341602E-04,3.992249874893439E-03
-4.507758409012887E-03,2.726013022391099E-01,1.456174671026436E-01,-3.391452002334138E-02,-6.259851858458254E-04,3.994799146819803E-03
-4.531312105339488E-03,2.726008664094766E-01,1.456202421582306E-01,-3.392012891468736E-02,-6.291993675038294E-04,3.997358303091121E-03
-4.554869724074499E-03,2.726004283465899E-01,1.456230189944222E-01,-3.392581673598735E-02,-6.324169431738964E-04,3.999927255814702E-03
-4.578431320680218E-03,2.725999880481076E-01,1.456257976179869E-01,-3.393158536570609E-02,-6.356378694031231E-04,4.002505903288799E-03
-4.601996951944792E-03,2.725995455117198E-01,1.456285780356176E-01,-3.393743674414778E-02,-6.388620970395136E-04,4.005094128979132E-03
-4.625566676026031E-03,2.725991007351526E-01,1.456313602539206E-01,-3.394337287596223E-02,-6.420895708340184E-04,4.007691800490794E-03
-4.649140552497032E-03,2.725986537161729E-01,1.456341442794045E-01,-3.394939583288267E-02,-6.453202290049608E-04,4.010298768403947E-03
-4.672718642393741E-03,2.725982044525927E-01,1.456369301184682E-01,-3.395550775653126E-02,-6.485540027769167E-04,4.012914865065059E-03
-4.696301008264498E-03,2.725977529422746E-01,1.456397177773869E-01,-3.396171086139025E-02,-6.517908158838886E-04,4.015539903275602E-03
-4.719887714221734E-03,2.725972991831366E-01,1.456425072622990E-01,-3.396800743794308E-02,-6.550305840342373E-04,4.018173674873107E-03
-4.743478825995859E-03,2.725968431731587E-01,1.456452985791904E-01,-3.397439985593206E-02,-6.582732143404583E-04,4.020815949233201E-03
-4.767074410991515E-03,2.725963849103879E-01,1.456480917338787E-01,-3.398089056784387E-02,-6.615186047005950E-04,4.023466471624468E-03
-4.790674538346266E-03,2.725959243929461E-01,1.456508867319957E-01,-3.398748211248579E-02,-6.647666431431216E-04,4.026124961494117E-03
-4.814279278991887E-03,2.725954616190362E-01,1.456536835789688E-01,-3.399417711888691E-02,-6.680172071073609E-04,4.028791110541001E-03
-4.837888705718384E-03,2.725949965869503E-01,1.456564822800010E-01,-3.400097831024147E-02,-6.712701626879949E-04,4.031464580741734E-03
-4.861502893240856E-03,2.725945292950777E-01,1.456592828400497E-01,-3.400788850820747E-02,-6.745253638050883E-04,4.034145002136410E-03
-4.885121918269420E-03,2.725940597419135E-01,1.456620852638037E-01,-3.401491063734064E-02,-6.777826513217647E-04,4.036831970502329E-03
-4.908745859582269E-03,2.725935879260682E-01,1.456648895556582E-01,-3.402204772980011E-02,-6.810418520897561E-04,4.039525044826840E-03
-4.932374798102137E-03,2.725931138462777E-01,1.456676957196888E-01,-3.402930293034483E-02,-6.843027779160233E-04,4.042223744560532E-03
-4.956008816976262E-03,2.725926375014142E-01,1.456705037596225E-01,-3.403667950149539E-02,-6.875652244629271E-04,4.044927546722958E-03
-4.979648001660108E-03,2.725921588904976E-01,1.456733136788078E-01,-3.404418082915723E-02,-6.908289700370838E-04,4.047635882665076E-03
-5.003292440005015E-03,2.725916780127083E-01,1.456761254801812E-01,-3.405181042833473E-02,-6.940937743131876E-04,4.050348134716468E-03
-5.026942222350017E-03,2.725911948674005E-01,1.456789391662322E-01,-3.405957194940385E-02,-6.973593769206833E-04,4.053063632405992E-03
-5.050597441618047E-03,2.725907094541166E-01,1.456817547389652E-01,-3.406746918450024E-02,-7.006254959517438E-04,4.055781648532854E-03
-5.074258193416778E-03,2.725902217726026E-01,1.456845721998586E-01,-3.407550607447203E-02,-7.038918263166446E-04,4.058501394780954E-03
-5.097924577751899E-03,2.725897318221946E-01,1.456873915503474E-01,-3.408368675720441E-02,-7.071580378562780E-04,4.061222017052751E-03
-5.121596692736961E-03,2.725892396043586E-01,1.456902127896692E-01,-3.409201541209565E-02,-7.104237738380645E-04,4.063942590149926E-03
-5.145274644268845E-03,2.725887451189267E-01,1.456930359179728E-01,-3.410049651121771E-02,-7.136886484192243E-04,4.066662113007216E-03
-5.168958539805120E-03,2.725882483666404E-01,1.456958609341569E-01,-3.410913466702409E-02,-7.169522446193032E-04,4.069379502004112E-03
-5.192648490071807E-03,2.725877493485420E-01,1.456986878363374E-01,-3.411793468143473E-02,-7.202141118424878E-04,4.072093584692453E-03
-5.216344609198233E-03,2.725872480659995E-01,1.457015166217828E-01,-3.412690155535605E-02,-7.234737632533039E-04,4.074803092845755E-03
-5.240047014858772E-03,2.725867445207321E-01,1.457043472868454E-01,-3.413604049903742E-02,-7.267306728731859E-04,4.077506654704406E-03
-5.263755828421896E-03,2.725862387148390E-01,1.457071798268867E-01,-3.414535694270123E-02,-7.299842724913898E-04,4.080202786799022E-03
-5.287471175106930E-03,2.725857306508295E-01,1.457100142361964E-01,-3.415485654817945E-02,-7.332339482294018E-04,4.082889884770949E-03
-5.311193184149030E-03,2.725852203316563E-01,1.457128505079052E-01,-3.416454522087994E-02,-7.364790368770706E-04,4.085566213660048E-03
-5.334921988972785E-03,2.725847077607509E-01,1.457156886338905E-01,-3.417442912279076E-02,-7.397188218335729E-04,4.088229897073179E-03
-5.358657727375110E-03,2.725841929420622E-01,1.457185286046740E-01,-3.418451468606517E-02,-7.429525287266253E-04,4.090878905535007E-03
-5.382400541717818E-03,2.725836758800984E-01,1.457213704093114E-01,-3.419480862750367E-02,-7.461793206162758E-04,4.093511043715475E-03
-5.406150579130629E-03,2.725831565799722E-01,1.457242140352717E-01,-3.420531796399671E-02,-7.493982927384864E-04,4.096123936412804E-03
-5.429907991725121E-03,2.725826350474498E-01,1.457270594683080E-01,-3.421605002867143E-02,-7.526084668181053E-04,4.098715013431820E-03
-5.453672936820370E-03,2.725821112890042E-01,1.457299066923157E-01,-3.422701248842158E-02,-7.558087847497294E-04,4.101281492699066E-03
-5.477445577180988E-03,2.725815853118728E-01,1.457327556891792E-01,-3.423821336204002E-02,-7.589981017995029E-04,4.103820362184633E-03
-5.501226081268246E-03,2.725810571241204E-01,1.457356064386056E-01,-3.424966103988457E-02,-7.621751790459534E-04,4.106328359712874E-03
-5.525014623505226E-03,2.725805267347071E-01,1.457384589179432E-01,-3.426136430444695E-02,-7.653386751708695E-04,4.108801951089036E-03
-5.548811384556684E-03,2.725799941535629E-01,1.457413131019846E-01,-3.427333235240151E-02,-7.684871373853934E-04,4.111237305873921E-03
-5.572616551624719E-03,2.725794593916681E-01,1.457441689627515E-01,-3.428557481781632E-02,-7.716189915133187E-04,4.113630270935151E-03
-5.596430318760975E-03,2.725789224611416E-01,1.457470264692611E-01,-3.429810179685083E-02,-7.747325310621075E-04,4.115976341276465E-03
-5.620252887196637E-03,2.725783833753370E-01,1.457498855872704E-01,-3.431092387405440E-02,-7.778259051573104E-04,4.118270627805662E-03
-5.644084465691051E-03,2.725778421489469E-01,1.457527462789975E-01,-3.432405214988478E-02,-7.808971053609267E-04,4.120507822173505E-03
-5.667925270900230E-03,2.725772987981181E-01,1.457556085028170E-01,-3.433749827042645E-02,-7.839439509438109E-04,4.122682157378264E-03
-5.691775527766374E-03,2.725767533405760E-01,1.457584722129268E-01,-3.435127445814885E-02,-7.869640728609125E-04,4.124787365008426E-03
-5.715635469929519E-03,2.725762057957618E-01,1.457613373589839E-01,-3.436539354503689E-02,-7.899548958286847E-04,4.126816627302531E-03
-5.739505340162789E-03,2.725756561849827E-01,1.457642038857042E-01,-3.437986900716839E-02,-7.929136186454782E-04,4.128762524565239E-03
-5.763385390832231E-03,2.725751045315759E-01,1.457670717324251E-01,-3.439471500130633E-02,-7.958371923499847E-04,4.130616976767773E-03
-5.787275884382904E-03,2.725745508610890E-01,1.457699408326246E-01,-3.440994640351887E-02,-7.987222959686867E-04,4.132371178667486E-03
-5.811177093852225E-03,2.725739952014782E-01,1.457728111133931E-01,-3.442557884946920E-02,-8.015653097127355E-04,4.134015528129600E-03
-5.835089303412223E-03,2.725734375833260E-01,1.457756824948528E-01,-3.444162877696526E-02,-8.043622850596019E-04,4.135539546038812E-03
-5.859012808941692E-03,2.725728780400805E-01,1.457785548895183E-01,-3.445811346983217E-02,-8.071089117333005E-04,4.136931787974504E-03
-5.882947918629782E-03,2.725723166083199E-01,1.457814282015925E-01,-3.447505110435631E-02,-8.098004805680874E-04,4.138179744712849E-03
-5.906894953612042E-03,2.725717533280428E-01,1.457843023261895E-01,-3.449246079635539E-02,-8.124318426149322E-04,4.139269732794217E-03
-5.930854248639913E-03,2.725711882429897E-01,1.457871771484773E-01,-3.451036265045922E-02,-8.149973630951288E-04,4.140186771122885E-03
-5.954826152784727E-03,2.725706214009977E-01,1.457900525427299E-01,-3.452877780984209E-02,-8.174908703002066E-04,4.140914444080582E-03
-5.978811030176354E-03,2.725700528543933E-01,1.457929283712784E-01,-3.454772850668211E-02,-8.199055983873941E-04,4.141434748211794E-03
-6.002809260777176E-03,2.725694826604260E-01,1.457958044833504E-01,-3.456723811273848E-02,-8.222341232717190E-04,4.141727920324775E-03
-6.026821241190510E-03,2.725689108817506E-01,1.457986807137817E-01,-3.458733118836315E-02,-8.244682912733858E-04,4.141772246218285E-03
-6.050847385502930E-03,2.725683375869612E-01,1.458015568815886E-01,-3.460803353052262E-02,-8.265991384709756E-04,4.141543844252308E-03
-6.074888126158292E-03,2.725677628511838E-01,1.458044327883802E-01,-3.462937221611539E-02,-8.286168011953239E-04,4.141016425291593E-03
-6.098943914860705E-03,2.725671867567367E-01,1.458073082165938E-01,-3.465137564139176E-02,-8.305104145535182E-04,4.140161020218012E-03
-6.123015223501842E-03,2.725666093938635E-01,1.458101829275303E-01,-3.467407355248971E-02,-8.322679995845384E-04,4.138945677057845E-03
-6.147102545106400E-03,2.725660308615507E-01,1.458130566591661E-01,-3.469749706654758E-02,-8.338763355259759E-04,4.137335117824520E-03
-6.171206399542103E-03,2.725654512681763E-01,1.458159291232757E-01,-3.472167889777248E-02,-8.353207670134344E-04,4.135290222291080E-03
-6.195327315609918E-03,2.725648707336123E-01,1.458188000043578E-01,-3.474665247500788E-02,-8.365852380303264E-04,4.132768112141456E-03
-6.219465860047626E-03,2.725642893886795E-01,1.458216689542532E-01,-3.477245319488021E-02,-8.376518257184225E-04,4.129720908263525E-03
-6.243622619864814E-03,2.725637073775678E-01,1.458245355902198E-01,-3.479911750066685E-02,-8.385007234203077E-04,4.126095677845921E-03
-6.267798207785290E-03,2.725631248589580E-01,1.458273994907807E-01,-3.482668298143669E-02,-8.391099667508834E-04,4.121833699019255E-03
-6.291993262988732E-03,2.725625420076077E-01,1.458302601914699E-01,-3.485518820670527E-02,-8.394551785308086E-04,4.116869774254958E-03
-6.316208451715031E-03,2.725619590161247E-01,1.458331171800707E-01,-3.488467249376970E-02,-8.395092810459857E-04,4.111131455130621E-03
-6.340444467678064E-03,2.725613760969513E-01,1.458359698912869E-01,-3.491517558819925E-02,-8.392421770378340E-04,4.104538182751748E-03
-6.364702032221347E-03,2.725607934845839E-01,1.458388177007801E-01,-3.494673723603056E-02,-8.386203910657179E-04,4.097000320412525E-03
-6.388981894130805E-03,2.725602114380542E-01,1.458416599185013E-01,-3.497939661919068E-02,-8.376066743861545E-04,4.088418087543638E-03
-6.413284828998192E-03,2.725596302436992E-01,1.458444957812405E-01,-3.501319161963118E-02,-8.361595655039717E-04,4.078680372819211E-03
-6.437611638001900E-03,2.725590502182524E-01,1.458473244443130E-01,-3.504815787036050E-02,-8.342329097074961E-04,4.067663435584329E-03
-6.461963145940073E-03,2.725584717122815E-01,1.458501449723035E-01,-3.508432754122589E-02,-8.317753355597576E-04,4.055229489420775E-03
-6.486340198309937E-03,2.725578951140061E-01,1.458529563287861E-01,-3.512172779615843E-02,-8.287296909912700E-04,4.041225174435567E-03
-6.510743657181157E-03,2.725573208535165E-01,1.458557573649536E-01,-3.516037884930848E-02,-8.250324491368384E-04,4.025479945352311E-03
-6.535174395552038E-03,2.725567494074157E-01,1.458585468070997E-01,-3.520029152358697E-02,-8.206130886203659E-04,4.007804386463012E-03
-6.559633289810394E-03,2.725561813038913E-01,1.458613232429286E-01,-3.524146421722084E-02,-8.153934780052913E-04,3.987988533666987E-03
-6.584121209843931E-03,2.725556171282087E-01,1.458640851067158E-01,-3.528387914473681E-02,-8.092872837778656E-04,3.965800253400528E-03
-6.608639006251833E-03,2.725550575285925E-01,1.458668306634017E-01,-3.532749773038597E-02,-8.021994553633622E-04,3.940983822215310E-03
-6.633187494019218E-03,2.725545032224223E-01,1.458695579918127E-01,-3.537225499816319E-02,-7.940258441770663E-04,3.913258858207481E-03
-6.657767431905964E-03,2.725539550026202E-01,1.458722649673316E-01,-3.541805282663473E-02,-7.846530511036152E-04,3.882319857480669E-03
-6.682379496719661E-03,2.725534137440316E-01,1.458749492445472E-01,-3.546475193346520E-02,-7.739586197007486E-04,3.847836649378473E-03
-6.707024251549276E-03,2.725528804095071E-01,1.458776082406571E-01,-3.551216250296487E-02,-7.618117345338388E-04,3.809456198068609E-03
-6.731702107027446E-03,2.725523560552633E-01,1.458802391207539E-01,-3.556003348555245E-02,-7.480746361732734E-04,3.766806319899207E-03
-6.756413274716926E-03,2.725518418349430E-01,1.458828387865424E-01,-3.560804066129503E-02,-7.326049955706622E-04,3.719501967919254E-03
-6.781157711907293E-03,2.725513390016024E-01,1.458854038705600E-01,-3.565577392972561E-02,-7.152595637574590E-04,3.667154938411466E-03
-6.805935057481280E-03,2.725508489066281E-01,1.458879307385748E-01,-3.570272444084506E-02,-6.958994158750051E-04,3.609387859285480E-03
-6.830744559131089E-03,2.725503729943580E-01,1.458904155034596E-01,-3.574827281437302E-02,-6.743971317805955E-04,3.545853391766413E-03
-6.855584993254453E-03,2.725499127909610E-01,1.458928540544351E-01,-3.579168013863031E-02,-6.506461810205556E-04,3.476259377485790E-03
-6.880454580223252E-03,2.725494698859910E-01,1.458952421059606E-01,-3.583208413469169E-02,-6.245726307484101E-04,3.400400268656243E-03
-6.905350899677245E-03,2.725490459050430E-01,1.458975752705365E-01,-3.586850354440540E-02,-5.961490045497286E-04,3.318194404214275E-03
-6.930270812665726E-03,2.725486424721958E-01,1.458998491590047E-01,-3.589985408407230E-02,-5.654096793071545E-04,3.229725510410255E-03
-6.955210399932717E-03,2.725482611615715E-01,1.459020595102246E-01,-3.592497942039744E-02,-5.324665775906481E-04,3.135285116594245E-03
-6.980164927602770E-03,2.725479034384139E-01,1.459042023491291E-01,-3.594269937767377E-02,-4.975232781926829E-04,3.035410855819213E-03
-7.005128852614569E-03,2.725475705916736E-01,1.459062741679242E-01,-3.595187597784449E-02,-4.608849098320797E-04,2.930913578769988E-03
-7.030095879395907E-03,2.725472636620017E-01,1.459082721200317E-01,-3.595149413501051E-02,-4.229610091152367E-04,2.822885676329137E-03
-7.055059075815571E-03,2.725469833710202E-01,1.459101942110764E-01,-3.594075016525198E-02,-3.842585992108630E-04,2.712683187421960E-03
-7.080011050199968E-03,2.725467300593129E-01,1.459120394669268E-01,-3.591913699719832E-02,-3.453639128085979E-04,2.601877365488604E-03
-7.104944182478781E-03,2.725465036410386E-01,1.459138080574984E-01,-3.588651258820592E-02,-3.069129933657800E-04,2.492176224665670E-03
-7.129850893126680E-03,2.725463035822001E-01,1.459155013572960E-01,-3.584313842830763E-02,-2.695536478892971E-04,2.385322609236208E-03
-7.154723925626634E-03,2.725461289069653E-01,1.459171219306791E-01,-3.578967903528666E-02,-2.339035949495654E-04,2.282981725253563E-03
-7.179556614099854E-03,2.725459782327490E-01,1.459186734397281E-01,-3.572716012853443E-02,-2.005105321748916E-04,2.186633503725228E-03
-7.204343109079791E-03,2.725458498305788E-01,1.459201604838314E-01,-3.565689154709319E-02,-1.698200647521581E-04,2.097485802937248E-03
-7.229078540850259E-03,2.725457417038211E-01,1.459215883894402E-01,-3.558036705190126E-02,-1.421553964993492E-04,2.016419037462723E-03
-7.253759109808678E-03,2.725456516763175E-01,1.459229629739528E-01,-3.549915702886467E-02,-1.177105404479864E-04,1.943967076950116E-03
-7.278382087718035E-03,2.725455774845571E-01,1.459242902968638E-01,-3.541480825262566E-02,-9.655686689761003E-05,1.880334042724922E-03
-7.302945837755314E-03,2.725455168429389E-01,1.459255764892712E-01,-3.532876502920850E-02,-7.865466839586833E-05,1.825424755638801E-03
-7.327449622992879E-03,2.725454675364084E-01,1.459268274963444E-01,-3.524230845392833E-02,-6.387968203249013E-05,1.778915520720386E-03
-7.351893546764438E-03,2.725454274561235E-01,1.459280489857243E-01,-3.515652739711757E-02,-5.204246781621771E-05,1.740305968914284E-03
-7.376278397872944E-03,2.725453946406499E-01,1.459292462344126E-01,-3.507230728922165E-02,-4.291150680513728E-05,1.708981035372393E-03
-7.400605510642352E-03,2.725453672982448E-01,1.459304240677752E-01,-3.499033623680887E-02,-3.623257525311779E-05,1.684263070349848E-03
-7.424876633397842E-03,2.725453438169671E-01,1.459315868313245E-01,-3.491112227190603E-02,-3.174434747722635E-05,1.665453903155228E-03
-7.449093811266826E-03,2.725453227653224E-01,1.459327383880526E-01,-3.483501657141659E-02,-2.919008730237719E-05,1.651866445108222E-03
-7.473259286092344E-03,2.725453028860776E-01,1.459338821342527E-01,-3.476223899717336E-02,-2.832570821600286E-05,1.642846551229813E-03
-7.497375414025552E-03,2.725452830855636E-01,1.459350210276085E-01,-3.469290310129467E-02,-2.892482804864139E-05,1.637786803219660E-03
-7.521444599833824E-03,2.725452624203331E-01,1.459361576225216E-01,-3.462703908260565E-02,-3.078143573257332E-05,1.636133858026591E-03
-7.545469246157853E-03,2.725452400826067E-01,1.459372941088164E-01,-3.456461378895848E-02,-3.371082649922677E-05,1.637391120678487E-03
-7.569451715550206E-03,2.725452153855140E-01,1.459384323510956E-01,-3.450554753598091E-02,-3.754932748009211E-05,1.641118141083278E-03
-7.593394303107675E-03,2.725451877488217E-01,1.459395739268736E-01,-3.444972783092952E-02,-4.215324354119389E-05,1.646927890591505E-03
-7.617299217635048E-03,2.725451566855626E-01,1.459407201623559E-01,-3.439702028741555E-02,-4.739735782844051E-05,1.654482820169978E-03
-7.641168569524875E-03,2.725451217897980E-01,1.459418721652265E-01,-3.434727712155981E-02,-5.317319970975830E-05,1.663490273376828E-03
-7.665004363809391E-03,2.725450827256086E-01,1.459430308541766E-01,-3.430034362106368E-02,-5.938726338612968E-05,1.673697751555653E-03
-7.688808497111362E-03,2.725450392173145E-01,1.459441969851593E-01,-3.425606296654928E-02,-6.595925795101524E-05,1.684888249614079E-03
-7.712582757468049E-03,2.725449910408769E-01,1.459453711744942E-01,-3.421427974022434E-02,-7.282046697372030E-05,1.696875876134676E-03
-7.736328826218940E-03,2.725449380163922E-01,1.459465539190520E-01,-3.417484240354508E-02,-7.991224175131576E-05,1.709501824143940E-03
-7.760048281325485E-03,2.725448800015803E-01,1.459477456137778E-01,-3.413760498316938E-02,-8.718464781216579E-05,1.722630747595677E-03
-7.783742601642818E-03,2.725448168861598E-01,1.459489465668412E-01,-3.410242815295130E-02,-9.459526293689454E-05,1.736147540093506E-03
-7.807413171776557E-03,2.725447485870071E-01,1.459501570126830E-01,-3.406917986300924E-02,-1.021081205214003E-04,1.749954500454297E-03
-7.831061287256709E-03,2.725446750440000E-01,1.459513771232250E-01,-3.403773563970495E-02,-1.096927909548440E-04,1.763968866818826E-03
-7.854688159829032E-03,2.725445962164571E-01,1.459526070174797E-01,-3.400797863865270E-02,-1.173235823508858E-04,1.778120669055024E-03
-7.878294922722766E-03,2.725445120800929E-01,1.459538467697758E-01,-3.397979953417118E-02,-1.249788544270254E-04,1.792350884410640E-03
-7.901882635796493E-03,2.725444226244150E-01,1.459550964167922E-01,-3.395309628578132E-02,-1.326404259609795E-04,1.806609843221343E-03
-7.925452290493634E-03,2.725443278505030E-01,1.459563559635666E-01,-3.392777383137254E-02,-1.402930680403027E-04,1.820855864826745E-03
-7.949004814567519E-03,2.725442277691130E-01,1.459576253886262E-01,-3.390374373197833E-02,-1.479240697716245E-04,1.835054087728008E-03
-7.972541076548620E-03,2.725441223990620E-01,1.459589046483653E-01,-3.388092379041353E-02,-1.555228666855104E-04,1.849175467957968E-03
-7.996061889944460E-03,2.725440117658498E-01,1.459601936807809E-01,-3.385923766219116E-02,-1.630807238251777E-04,1.863195924456303E-03
-8.019568017167683E-03,2.725438959004860E-01,1.459614924086574E-01,-3.383861446582559E-02,-1.705904645155063E-04,1.877095607041444E-03
-8.043060173198119E-03,2.725437748384901E-01,1.459628007422825E-01,-3.381898840545991E-02,-1.780462395294833E-04,1.890858273232033E-03
-8.066539028985763E-03,2.725436486190398E-01,1.459641185817615E-01,-3.380029840397090E-02,-1.854433291322869E-04,1.904470753226686E-03
-8.090005214606791E-03,2.725435172842473E-01,1.459654458189893E-01,-3.378248775838718E-02,-1.927779750007077E-04,1.917922495646000E-03
-8.113459322185777E-03,2.725433808785428E-01,1.459667823393288E-01,-3.376550381125494E-02,-2.000472359694545E-04,1.931205177174259E-03
-8.136901908597271E-03,2.725432394481508E-01,1.459681280230401E-01,-3.374929764478798E-02,-2.072488652050911E-04,1.944312370116787E-03
-8.160333497962465E-03,2.725430930406458E-01,1.459694827464951E-01,-3.373382379496927E-02,-2.143812051247561E-04,1.957239257748714E-03
-8.183754583953624E-03,2.725429417045745E-01,1.459708463832094E-01,-3.371903998539860E-02,-2.214430974809208E-04,1.969982390531847E-03
-8.207165631921682E-03,2.725427854891373E-01,1.459722188047173E-01,-3.370490688250709E-02,-2.284338066973284E-04,1.982539478237571E-03
-8.230567080859147E-03,2.725426244439176E-01,1.459735998813130E-01,-3.369138786689847E-02,-2.353529539605576E-04,1.994909210905381E-03
-8.253959345211741E-03,2.725424586186542E-01,1.459749894826775E-01,-3.367844882537181E-02,-2.422004611560634E-04,2.007091106648113E-03
-8.277342816550165E-03,2.725422880630499E-01,1.459763874784061E-01,-3.366605795658013E-02,-2.489765025668316E-04,2.019085380196385E-03
-8.300717865113499E-03,2.725421128266109E-01,1.459777937384531E-01,-3.365418559480876E-02,-2.556814637706799E-04,2.030892831142577E-03
-8.324084841234456E-03,2.725419329585122E-01,1.459792081335025E-01,-3.364280404600228E-02,-2.623159062590231E-04,2.042514747488203E-03
-8.347444074607944E-03,2.725417485062271E-01,1.459806305374689E-01,-3.363188756073957E-02,-2.688805180759399E-04,2.053952772829532E-03
-8.370795883782175E-03,2.725415595204873E-01,1.459820608189587E-01,-3.362141170057846E-02,-2.753761648357407E-04,2.065209038362023E-03
-8.394140564744066E-03,2.725413660476088E-01,1.459834988547268E-01,-3.361135396524528E-02,-2.818037518210805E-04,2.076285797345287E-03
-8.417478400408914E-03,2.725411681345106E-01,1.459849445209833E-01,-3.360169316749463E-02,-2.881642824109628E-04,2.087185577119152E-03
-8.440809659448913E-03,2.725409658273921E-01,1.459863976957578E-01,-3.359240945528042E-02,-2.944588224509674E-04,2.097911083510602E-03
-8.464134597186045E-03,2.725407591716948E-01,1.459878582590101E-01,-3.358348421438463E-02,-3.006884864108201E-04,2.108465162913669E-03
-8.487453456419747E-03,2.725405482120730E-01,1.459893260927157E-01,-3.357489997771201E-02,-3.068544255303976E-04,2.118850769641030E-03
-8.510766468194547E-03,2.725403329923717E-01,1.459908010809313E-01,-3.356664034332382E-02,-3.129578177471349E-04,2.129070938279098E-03
-8.534073852512743E-03,2.725401135556110E-01,1.459922831098417E-01,-3.355868989766133E-02,-3.189998590965156E-04,2.139128759894323E-03
-8.557375818996256E-03,2.725398899439764E-01,1.459937720677921E-01,-3.355103414617107E-02,-3.249817564223301E-04,2.149027361956185E-03
-8.580672567502037E-03,2.725396621988134E-01,1.459952678453070E-01,-3.354365944844500E-02,-3.309047211914644E-04,2.158769891153102E-03
-8.603964288694282E-03,2.725394303606260E-01,1.459967703350988E-01,-3.353655295907543E-02,-3.367699642695807E-04,2.168359498904460E-03
-8.627251164577318E-03,2.725391944690789E-01,1.459982794320662E-01,-3.352970257295431E-02,-3.425786915226502E-04,2.177799329104665E-03
-8.650533368991798E-03,2.725389545630023E-01,1.459997950332855E-01,-3.352309687465890E-02,-3.483321001335520E-04,2.187092507801070E-03
-8.673811068077384E-03,2.725387106803988E-01,1.460013170379952E-01,-3.351672509223331E-02,-3.540313755215296E-04,2.196242134587201E-03
-8.697084420704312E-03,2.725384628584527E-01,1.460028453475750E-01,-3.351057705377692E-02,-3.596776888088490E-04,2.205251275395595E-03
-8.720353578876222E-03,2.725382111335407E-01,1.460043798655201E-01,-3.350464314814622E-02,-3.652721947177799E-04,2.214122956585499E-03
-8.743618688106582E-03,2.725379555412437E-01,1.460059204974124E-01,-3.349891428794649E-02,-3.708160298819179E-04,2.222860160072758E-03
-8.766879887770427E-03,2.725376961163600E-01,1.460074671508876E-01,-3.349338187572592E-02,-3.763103114768943E-04,2.231465819402992E-03
-8.790137311433540E-03,2.725374328929191E-01,1.460090197356011E-01,-3.348803777239748E-02,-3.817561361536220E-04,2.239942816616093E-03
-8.813391087160472E-03,2.725371659041965E-01,1.460105781631910E-01,-3.348287426818589E-02,-3.871545792087201E-04,2.248293979797899E-03
-8.836641337803209E-03,2.725368951827284E-01,1.460121423472401E-01,-3.347788405560661E-02,-3.925066939724142E-04,2.256522081219687E-03
-8.859888181271638E-03,2.725366207603275E-01,1.460137122032364E-01,-3.347306020429189E-02,-3.978135113853560E-04,2.264629835984369E-03
-8.883131730787329E-03,2.725363426680981E-01,1.460152876485333E-01,-3.346839613792299E-02,-4.030760397100994E-04,2.272619901098150E-03
-8.906372095121696E-03,2.725360609364525E-01,1.460168686023091E-01,-3.346388561234046E-02,-4.082952644082819E-04,2.280494874924201E-03
-8.929609378819674E-03,2.725357755951266E-01,1.460184549855259E-01,-3.345952269570527E-02,-4.134721480911934E-04,2.288257296932547E-03
-8.952843682409982E-03,2.725354866731957E-01,1.460200467208889E-01,-3.345530174961893E-02,-4.186076305993946E-04,2.295909647734213E-03
-8.976075102602769E-03,2.725351941990902E-01,1.460216437328054E-01,-3.345121741180489E-02,-4.237026291408771E-04,2.303454349328639E-03
-8.999303732475706E-03,2.725348982006116E-01,1.460232459473446E-01,-3.344726457989357E-02,-4.287580385036018E-04,2.310893765545328E-03
-9.022529661649092E-03,2.725345987049475E-01,1.460248532921970E-01,-3.344343839625065E-02,-4.337747313293976E-04,2.318230202648706E-03
-9.045752976450921E-03,2.725342957386873E-01,1.460264656966351E-01,-3.343973423395693E-02,-4.387535584213699E-04,2.325465910065705E-03
-9.068973760072403E-03,2.725339893278370E-01,1.460280830914737E-01,-3.343614768356318E-02,-4.436953491053564E-04,2.332603081235301E-03
-9.092192092714735E-03,2.725336794978339E-01,1.460297054090317E-01,-3.343267454093576E-02,-4.486009115986633E-04,2.339643854527364E-03
-9.115408051727570E-03,2.725333662735614E-01,1.460313325830943E-01,-3.342931079559830E-02,-4.534710334368414E-04,2.346590314262820E-03
-9.138621711739787E-03,2.725330496793632E-01,1.460329645488753E-01,-3.342605262016490E-02,-4.583064818804826E-04,2.353444491755638E-03
-9.161833144783071E-03,2.725327297390568E-01,1.460346012429814E-01,-3.342289636017426E-02,-4.631080043695847E-04,2.360208366429009E-03
-9.185042420408694E-03,2.725324064759475E-01,1.460362426033760E-01,-3.341983852474124E-02,-4.678763289672725E-04,2.366883866944748E-03
-9.208249605798034E-03,2.725320799128419E-01,1.460378885693444E-01,-3.341687577774485E-02,-4.726121648172812E-04,2.373472872362251E-03
-9.231454765867108E-03,2.725317500720602E-01,1.460395390814602E-01,-3.341400492951834E-02,-4.773162026119675E-04,2.379977213318899E-03
-9.254657963365605E-03,2.725314169754494E-01,1.460411940815514E-01,-3.341122292920038E-02,-4.819891150418795E-04,2.386398673198589E-03
-9.277859258970664E-03,2.725310806443955E-01,1.460428535126687E-01,-3.340852685733628E-02,-4.866315572756530E-04,2.392738989333237E-03
-9.301058711375791E-03,2.725307410998355E-01,1.460445173190534E-01,-3.340591391918849E-02,-4.912441674002364E-04,2.398999854163527E-03
-9.324256377375156E-03,2.725303983622689E-01,1.460461854461070E-01,-3.340338143819319E-02,-4.958275668953077E-04,2.405182916431014E-03
-9.347452311943591E-03,2.725300524517695E-01,1.460478578403610E-01,-3.340092685004784E-02,-5.003823610662941E-04,2.411289782322092E-03
-9.370646568312528E-03,2.725297033879962E-01,1.460495344494477E-01,-3.339854769696024E-02,-5.049091395004914E-04,2.417322016628078E-03
-9.393839197619248E-03,2.725293511893381E-01,1.460512152232161E-01,-3.339624164202463E-02,-5.094084690326370E-04,2.423281123976612E-03
-9.417030250680248E-03,2.725289958763927E-01,1.460529001091149E-01,-3.339400638490690E-02,-5.138809241849863E-04,2.429168629917759E-03
-9.440219775478525E-03,2.725286374667668E-01,1.460545890590702E-01,-3.339183977694989E-02,-5.183270423439494E-04,2.434985961445570E-03
-9.463407818958097E-03,2.725282759785645E-01,1.460562820248422E-01,-3.338973973620309E-02,-5.227473544876641E-04,2.440734528860831E-03
-9.486594426646201E-03,2.725279114295259E-01,1.460579789591582E-01,-3.338770426347602E-02,-5.271423779746763E-04,2.446415706519645E-03
-9.509779642709392E-03,2.725275438370366E-01,1.460596798156877E-01,-3.338573143843192E-02,-5.315126169256800E-04,2.452030833845432E-03
-9.532963510006969E-03,2.725271732181364E-01,1.460613845490182E-01,-3.338381941576016E-02,-5.358585626211561E-04,2.457581216343388E-03
-9.556146070141853E-03,2.725267995895283E-01,1.460630931146326E-01,-3.338196642172593E-02,-5.401806938587651E-04,2.463068126558641E-03
-9.579327363509100E-03,2.725264229675873E-01,1.460648054688863E-01,-3.338017075074459E-02,-5.444794773322039E-04,2.468492805042100E-03
-9.602507429342133E-03,2.725260433683681E-01,1.460665215689850E-01,-3.337843076229682E-02,-5.487553679708025E-04,2.473856461260887E-03
-9.625686305756875E-03,2.725256608076136E-01,1.460682413729643E-01,-3.337674487788852E-02,-5.530088092933342E-04,2.479160274508696E-03
-9.648864029793821E-03,2.725252753007627E-01,1.460699648396680E-01,-3.337511157824936E-02,-5.572402337372276E-04,2.484405394776050E-03
-9.672040637458243E-03,2.725248868629574E-01,1.460716919287288E-01,-3.337352940065673E-02,-5.614500629831528E-04,2.489592943601129E-03
-9.695216163758548E-03,2.725244955090509E-01,1.460734226005487E-01,-3.337199693637880E-02,-5.656387082747883E-04,2.494724014901040E-03
-9.718390642742952E-03,2.725241012536142E-01,1.460751568162798E-01,-3.337051282831814E-02,-5.698065707155081E-04,2.499799675765263E-03
-9.741564107534519E-03,2.725237041109431E-01,1.460768945378061E-01,-3.336907576867700E-02,-5.739540415774618E-04,2.504820967247228E-03
-9.764736590364655E-03,2.725233040950651E-01,1.460786357277260E-01,-3.336768449685737E-02,-5.780815025771462E-04,2.509788905108203E-03
-9.787908122605160E-03,2.725229012197460E-01,1.460803803493343E-01,-3.336633779737321E-02,-5.821893261631729E-04,2.514704480559460E-03
-9.811078734798874E-03,2.725224954984959E-01,1.460821283666062E-01,-3.336503449793233E-02,-5.862778757814418E-04,2.519568660968400E-03
-9.834248456689028E-03,2.725220869445756E-01,1.460838797441804E-01,-3.336377346757360E-02,-5.903475061414165E-04,2.524382390552296E-03
-9.857417317247329E-03,2.725216755710027E-01,1.460856344473433E-01,-3.336255361492886E-02,-5.943985634670956E-04,2.529146591043987E-03
